# model_name=local_baseline_client_13
# seed=14
# started_at=20260327-115906
epoch,train_loss,val_loss,val_macro_minF1,val_macro_pr_auc,val_deg-in_minF1,val_deg-out_minF1,val_fan-in_minF1,val_fan-out_minF1,val_C2_minF1,val_C3_minF1,val_C4_minF1,val_C5_minF1,val_C6_minF1,val_S-G_minF1,val_B-C_minF1,val_deg-in_pr_auc,val_deg-out_pr_auc,val_fan-in_pr_auc,val_fan-out_pr_auc,val_C2_pr_auc,val_C3_pr_auc,val_C4_pr_auc,val_C5_pr_auc,val_C6_pr_auc,val_S-G_pr_auc,val_B-C_pr_auc
1,1.110645279779539,1.292848289012909,0.26159805652092805,0.38884352723305876,0.6003372669219971,0.5676741003990173,0.4582744240760803,0.5270270705223083,0.3692307770252228,0.04651162773370743,0.10079576075077057,0.006329113617539406,0.054054055362939835,0.06326033920049667,0.08408408612012863,0.7791697978973389,0.937865674495697,0.7317233085632324,0.9193193912506104,0.482392817735672,0.021826937794685364,0.10387071967124939,0.07051491737365723,0.0364801250398159,0.09215233474969864,0.10196277499198914
2,1.0213943455682133,1.1500762236227684,0.2920765279030258,0.44724224507808685,0.6872586607933044,0.5676741003990173,0.5988909602165222,0.5277401804924011,0.42450767755508423,0.046783626079559326,0.09595959633588791,0.017595307901501656,0.043902438133955,0.08049535751342773,0.12203390151262283,0.8808571696281433,0.8839434385299683,0.9332751035690308,0.8995300531387329,0.5307016372680664,0.14767087996006012,0.12530596554279327,0.0741790384054184,0.10640169680118561,0.17852744460105896,0.15927226841449738
3,0.8402320701124031,0.9979433360449764,0.3934501859952103,0.43930805000391876,0.859950840473175,0.732600748538971,0.8359788060188293,0.7555555701255798,0.48366010189056396,0.08000000566244125,0.18285714089870453,0.03448275849223137,0.08053690940141678,0.11822659522294998,0.16410256922245026,0.9339696168899536,0.7974413633346558,0.9519716501235962,0.8059267997741699,0.5122242569923401,0.20853303372859955,0.15450918674468994,0.07623589783906937,0.07738550007343292,0.11904115229845047,0.19515009224414825
4,0.7059547237424186,0.9107090122109159,0.39983204718340526,0.4370924959128553,0.7696629166603088,0.7121535539627075,0.7878788113594055,0.7545454502105713,0.5526315569877625,0.11034481972455978,0.19209040701389313,0.032786887139081955,0.11940298974514008,0.16326530277729034,0.20338982343673706,0.8574183583259583,0.8259035348892212,0.8790739178657532,0.816365659236908,0.6275197863578796,0.15461848676204681,0.16163817048072815,0.07158944755792618,0.0733494907617569,0.14334022998809814,0.19720037281513214
5,0.59377708086819,0.8259628759611637,0.44491631334478204,0.47253365137360315,0.7760252356529236,0.8141592741012573,0.7676767706871033,0.8353808522224426,0.638655424118042,0.16867469251155853,0.30434781312942505,0.0476190522313118,0.0941176488995552,0.2474226951599121,0.19999998807907104,0.9083287119865417,0.9206928610801697,0.8958966732025146,0.9069865345954895,0.6683611869812012,0.1833914816379547,0.19786809384822845,0.06631485372781754,0.0709679052233696,0.16141140460968018,0.21765045821666718
6,0.6780302579149659,1.1991645749008983,0.4547521011395888,0.4886420347135175,0.888283371925354,0.8812094926834106,0.8941176533699036,0.877828061580658,0.5513513684272766,0.1818181872367859,0.277777761220932,0.0,0.0,0.2068965584039688,0.2429906576871872,0.9626513123512268,0.9665721654891968,0.962452232837677,0.9781193733215332,0.6389511823654175,0.2446371465921402,0.22422471642494202,0.023245928809046745,0.040042318403720856,0.19895967841148376,0.13520632684230804
7,0.646874514691559,0.7806240556436941,0.3830786926502531,0.47367404299703514,0.7668160796165466,0.7594936490058899,0.7769784331321716,0.776785671710968,0.5260545611381531,0.06557376682758331,0.1589958220720291,0.025104600936174393,0.07114624232053757,0.13756613433361053,0.14935065805912018,0.9538159966468811,0.8519055247306824,0.9819310307502747,0.8037469387054443,0.6750587821006775,0.15629370510578156,0.20213060081005096,0.043990928679704666,0.07915407419204712,0.13344044983386993,0.32894644141197205
8,0.42517044793664316,0.7055536767484945,0.4560427459126169,0.4916984567588026,0.8410757780075073,0.881118893623352,0.8640000224113464,0.8846153616905212,0.671875,0.13913042843341827,0.24242426455020905,0.05714285746216774,0.0882352963089943,0.1547618955373764,0.19209040701389313,0.9806331396102905,0.9536192417144775,0.9954442381858826,0.9728828072547913,0.6800683736801147,0.1826479285955429,0.17932429909706116,0.03162664175033569,0.0636298879981041,0.17651064693927765,0.19229581952095032
9,0.42442129688821867,0.6378166777782416,0.4537519556893544,0.49408811500126665,0.8704663515090942,0.8820961117744446,0.8975068926811218,0.8965517282485962,0.6226415038108826,0.13675212860107422,0.1975308507680893,0.031007753685116768,0.08955223858356476,0.17333334684371948,0.1938326060771942,0.962583601474762,0.9736157059669495,0.9797212481498718,0.9995887875556946,0.6972489953041077,0.17083173990249634,0.1617104560136795,0.0261843241751194,0.09822171926498413,0.19937925040721893,0.16588343679904938
10,0.37862780903066906,0.7360759471534589,0.45526138320565224,0.5084961224347353,0.8444445133209229,0.9116278886795044,0.8459529876708984,0.927884578704834,0.6933333873748779,0.12612612545490265,0.21176470816135406,0.03809523954987526,0.1034482792019844,0.1538461595773697,0.15135134756565094,0.9797478318214417,0.9665230512619019,0.9926655888557434,0.9959498643875122,0.7510712146759033,0.2706005275249481,0.18517504632472992,0.02150767110288143,0.08716157078742981,0.19035843014717102,0.15269654989242554
11,0.31648970207015237,0.5994478571305581,0.4791629212823781,0.5260886329818856,0.8802083134651184,0.886462926864624,0.8876712322235107,0.9112149477005005,0.6842105388641357,0.14432990550994873,0.20118343830108643,0.06451613456010818,0.1090909093618393,0.20560748875141144,0.29629629850387573,0.9765307307243347,0.9774816036224365,0.9825015068054199,0.9997261762619019,0.765699565410614,0.30913957953453064,0.16958829760551453,0.023902151733636856,0.08616732805967331,0.20158973336219788,0.29464828968048096
12,0.26871774061804726,0.84660703624949,0.4996086372570558,0.5022486201064154,0.8746802806854248,0.9417476058006287,0.9178470373153687,0.9896906614303589,0.7380952835083008,0.18518519401550293,0.2499999850988388,0.0,0.12244898080825806,0.17599999904632568,0.29999998211860657,0.983234703540802,0.9754824042320251,0.9964261054992676,0.9992917776107788,0.7457385063171387,0.17749473452568054,0.18385568261146545,0.023389797657728195,0.07216008007526398,0.1832677125930786,0.18439331650733948
13,0.5410922023402902,0.6901081434083641,0.44012013551863755,0.4908377467231317,0.9061662554740906,0.8888888359069824,0.9614243507385254,0.9263657927513123,0.5473145842552185,0.07920791953802109,0.14876031875610352,0.021621622145175934,0.0714285746216774,0.14364641904830933,0.14649681746959686,0.9842755198478699,0.9808049201965332,0.9973258376121521,1.0,0.6723506450653076,0.13431155681610107,0.15472163259983063,0.018288910388946533,0.0857701227068901,0.14661955833435059,0.22474651038646698
14,0.4946650037944535,0.9095623323676783,0.43549774519421836,0.47266949425366794,0.8480392098426819,0.8571428656578064,0.8548812866210938,0.9069767594337463,0.6227545142173767,0.08556149154901505,0.22891564667224884,0.0,0.11290321499109268,0.15116280317306519,0.1221374049782753,0.9837163090705872,0.9790626764297485,0.9952223300933838,0.9948840737342834,0.6496924161911011,0.1152782142162323,0.1739688664674759,0.014987358823418617,0.0594656877219677,0.1436854898929596,0.089401014149189
15,0.4786670206339805,0.714081018233518,0.42640778896483506,0.500446701083671,0.8717948794364929,0.8136272430419922,0.8876712322235107,0.7768924236297607,0.5699208378791809,0.08080808073282242,0.16170214116573334,0.027210883796215057,0.07258064299821854,0.1702127754688263,0.25806453824043274,0.981550931930542,0.9648622870445251,0.9935023188591003,0.9493560194969177,0.6745800971984863,0.15618887543678284,0.2162066400051117,0.016408735886216164,0.07605810463428497,0.20945502817630768,0.2667446732521057
16,0.7256526796372382,0.8481664163257004,0.40213580886748707,0.4954591542482376,0.8877550959587097,0.8258317112922668,0.8950276374816895,0.7558139562606812,0.5011600852012634,0.057553958147764206,0.12269939482212067,0.022058824077248573,0.06498195230960846,0.14364641904830933,0.14696486294269562,0.9905456304550171,0.9801499843597412,0.9983522891998291,0.9973295331001282,0.6943853497505188,0.14286871254444122,0.16093507409095764,0.017839506268501282,0.06779755651950836,0.18552108108997345,0.21432597935199738
17,0.3445574053914556,0.8012749153539676,0.48855160854079505,0.5105775283141569,0.8585858345031738,0.9437652826309204,0.8828338384628296,0.9763779044151306,0.6964285373687744,0.17391304671764374,0.2616822421550751,0.0,0.15189874172210693,0.16352201998233795,0.2650602459907532,0.9823506474494934,0.9641362428665161,0.9910558462142944,0.9997191429138184,0.7363153100013733,0.22824348509311676,0.16945886611938477,0.03816894441843033,0.0805092379450798,0.19985376298427582,0.22654132544994354
18,0.2917481872352052,0.982470543832954,0.532711379907348,0.5223912948911841,0.9321534633636475,0.947115421295166,0.9622641205787659,1.0,0.7593984603881836,0.29629629850387573,0.31578946113586426,0.0,0.1428571343421936,0.23529411852359772,0.2686567008495331,0.9747769236564636,0.9755987524986267,0.994739830493927,1.0,0.7375825047492981,0.22084306180477142,0.1959492266178131,0.03564980626106262,0.07538275420665741,0.2750956416130066,0.2606857419013977
19,0.24577572406866613,1.3206789357946553,0.5126195502552119,0.5137715365060351,0.9171270728111267,0.9397590160369873,0.9585798978805542,0.9948717951774597,0.7090908885002136,0.30000001192092896,0.3181818425655365,0.0,0.11428570002317429,0.25925925374031067,0.12765957415103912,0.9794208407402039,0.9724734425544739,0.9973536729812622,0.9995229840278625,0.7834018468856812,0.2547909617424011,0.19521930813789368,0.022553449496626854,0.07528402656316757,0.24524258077144623,0.12622378766536713
20,0.2491591906809545,0.7085855609677527,0.4918417119505731,0.5140981994230639,0.932584285736084,0.9248825907707214,0.9557521939277649,0.9677419066429138,0.7320755124092102,0.1538461446762085,0.2686567008495331,0.02985074557363987,0.12068965286016464,0.16417910158634186,0.1599999964237213,0.979371190071106,0.9725976586341858,0.9952103495597839,0.9996489882469177,0.7677465677261353,0.22453130781650543,0.20853270590305328,0.024672554805874825,0.06420206278562546,0.2898584008216858,0.12870840728282928
21,0.20661468776591094,0.8485897459021402,0.521399259228598,0.5145711583847349,0.9455587267875671,0.9425836801528931,0.9665653109550476,0.9948979616165161,0.7157190442085266,0.16438357532024384,0.260869562625885,0.0416666679084301,0.15126049518585205,0.30188679695129395,0.2500000298023224,0.9808903932571411,0.9761127233505249,0.9903415441513062,1.0,0.749519944190979,0.20872600376605988,0.20199131965637207,0.027097005397081375,0.0879102274775505,0.23179610073566437,0.2058974802494049
22,0.22588238575847158,0.7195336096877352,0.5084746073592793,0.5090272099795666,0.9378531575202942,0.940617561340332,0.9671642184257507,0.9948979616165161,0.7404844164848328,0.1818181872367859,0.2250000238418579,0.0,0.1139240562915802,0.23655915260314941,0.2549019455909729,0.9882698655128479,0.9779894948005676,0.9945278167724609,0.9999738335609436,0.7833651304244995,0.14754675328731537,0.1854252815246582,0.022073721513152122,0.07882141321897507,0.23878036439418793,0.182525634765625
23,0.18789581747063788,1.2274929789928806,0.5136961530555378,0.5151456689292734,0.9428571462631226,0.9355608820915222,0.9818181991577148,0.9948979616165161,0.7518797516822815,0.21875,0.3050847351551056,0.0,0.11428571492433548,0.3125000298023224,0.09302326291799545,0.984557032585144,0.9744793772697449,0.9921627640724182,0.9996298551559448,0.7778743505477905,0.25390976667404175,0.21786929666996002,0.028827548027038574,0.0691591128706932,0.26258864998817444,0.10554460436105728
24,0.17971842962525267,1.1522943524148213,0.548369056799195,0.5271428694779222,0.9510086178779602,0.946601927280426,0.9788519740104675,0.9974424839019775,0.7401574850082397,0.3636363446712494,0.29629629850387573,0.0,0.14999999105930328,0.3499999940395355,0.25806450843811035,0.9862859845161438,0.9771060943603516,0.9979346394538879,0.9998945593833923,0.7786489129066467,0.258503794670105,0.1996699720621109,0.0337342843413353,0.08084598183631897,0.27765128016471863,0.2082960605621338
25,0.1682014516298915,1.7839751967596351,0.541422800584273,0.5232872841033068,0.9428571462631226,0.9489051103591919,0.9759036302566528,0.9974424839019775,0.714893639087677,0.42105263471603394,0.3142857253551483,0.0,0.12903225421905518,0.3684210479259491,0.1428571343421936,0.9819559454917908,0.9789487719535828,0.9929154515266418,1.0,0.7852562665939331,0.27450117468833923,0.2005077600479126,0.024873539805412292,0.0777711421251297,0.2834230363368988,0.15600703656673431
26,0.34651436190028767,0.5885677654808814,0.47485673698511993,0.5033347777683627,0.866995096206665,0.9324009418487549,0.9126760363578796,0.9774436354637146,0.6645569801330566,0.12903225421905518,0.17351597547531128,0.032258063554763794,0.1146496832370758,0.17449665069580078,0.24539878964424133,0.989179790019989,0.9795913100242615,0.9920645356178284,1.0,0.7717643976211548,0.1488717645406723,0.15361876785755157,0.01969427801668644,0.0673886388540268,0.1766585260629654,0.23785054683685303
27,0.6367967331802452,1.38378011983469,0.40052883470938966,0.4710014605556022,0.7612903118133545,0.8905472755432129,0.7714285254478455,0.8703169822692871,0.5699481964111328,0.08791209012269974,0.14507772028446198,0.011111111380159855,0.0674157366156578,0.11538461595773697,0.11538461595773697,0.9856197834014893,0.9581199288368225,0.9990767240524292,0.9827364683151245,0.6897467374801636,0.06495420634746552,0.1349177360534668,0.010893807746469975,0.04007188230752945,0.16473767161369324,0.15014111995697021
28,0.6769098041258452,0.833588471762631,0.427960045974363,0.4890674306926402,0.8871391415596008,0.9166666865348816,0.8876712322235107,0.9700000286102295,0.4753362834453583,0.06083650514483452,0.11214953660964966,0.02090592309832573,0.05660377815365791,0.14525140821933746,0.17499998211860657,0.9803750514984131,0.9691809415817261,0.999582827091217,0.9963114857673645,0.6035953760147095,0.15859493613243103,0.14823032915592194,0.02704876847565174,0.05123663693666458,0.15827809274196625,0.2873072922229767
29,0.3874615553097847,0.8525941573151755,0.4878237025642937,0.5117533889345147,0.9537572264671326,0.9241706132888794,0.9878048896789551,0.9627791047096252,0.6046512126922607,0.1944444477558136,0.2255638986825943,0.024390244856476784,0.0892857164144516,0.222222238779068,0.17699113488197327,0.9811927676200867,0.9593889713287354,0.9989826679229736,0.9956544041633606,0.6856300830841064,0.2668469548225403,0.17320643365383148,0.030598944053053856,0.04074469208717346,0.21114127337932587,0.2859000861644745
30,0.46459223531978033,0.6873425575178287,0.4565070273185318,0.5186880305409431,0.9046321511268616,0.8630490899085999,0.9585798978805542,0.9318801164627075,0.6417446136474609,0.125,0.16363635659217834,0.026315787807106972,0.0765957459807396,0.17105263471603394,0.15909090638160706,0.9805282354354858,0.9572475552558899,0.9977262020111084,0.9956579208374023,0.7407737970352173,0.3366008698940277,0.17526178061962128,0.030557677149772644,0.052032388746738434,0.21768975257873535,0.22149215638637543
31,0.3108701624603935,0.9264410362331146,0.5039140764962543,0.5174766839905218,0.95652174949646,0.8968609571456909,0.9847095608711243,0.9535452127456665,0.6962962746620178,0.2295082062482834,0.21192052960395813,0.039215683937072754,0.09259258955717087,0.23188407719135284,0.25,0.9805948734283447,0.9736279845237732,0.9994240403175354,0.9999210834503174,0.7448296546936035,0.24628035724163055,0.18763579428195953,0.03468130901455879,0.04540636017918587,0.25114235281944275,0.2286997139453888
32,0.337170463396516,0.6248742537214121,0.48641850325194275,0.5241144262254238,0.9485714435577393,0.9377990961074829,0.9729729890823364,0.989847719669342,0.6385542154312134,0.1138211339712143,0.20000000298023224,0.034188032150268555,0.0952381044626236,0.17910447716712952,0.24050632119178772,0.9827839136123657,0.970281720161438,0.9997720718383789,0.9999475479125977,0.7322006225585938,0.3057290315628052,0.1682533174753189,0.037268590182065964,0.05642589181661606,0.21867290139198303,0.2939230799674988
33,0.2899837877887946,1.1229762115609756,0.5098355392163451,0.5150466556237503,0.9512894153594971,0.9299064874649048,0.9848024249076843,0.9848484992980957,0.703703761100769,0.2380952537059784,0.2189781218767166,0.0,0.11347518116235733,0.260869562625885,0.2222222238779068,0.9820764064788818,0.9727116823196411,0.9997727870941162,1.0,0.7294902205467224,0.2794276177883148,0.1860923320055008,0.024366768077015877,0.06248576194047928,0.19447875022888184,0.2346108853816986
34,0.2647825003543616,1.3581436564479399,0.5041863244365562,0.5202639092775908,0.9542856812477112,0.9425836801528931,0.9759036302566528,0.9848484992980957,0.6756756901741028,0.2352941334247589,0.20408163964748383,0.03333333507180214,0.07792207598686218,0.25,0.21212120354175568,0.9807541370391846,0.975182056427002,0.9997298717498779,1.0,0.7524965405464172,0.2777774930000305,0.17482656240463257,0.03329160436987877,0.06952584534883499,0.26877668499946594,0.19054220616817474
35,0.25813211855434237,0.8095418577073911,0.5179737284779549,0.5358927774835717,0.954023003578186,0.9489051103591919,0.9818181991577148,1.0,0.7360595464706421,0.21276596188545227,0.2255638986825943,0.0307692289352417,0.11764705926179886,0.2298850417137146,0.2602739632129669,0.982032835483551,0.9693633317947388,0.9997298717498779,1.0,0.7959272861480713,0.32906079292297363,0.18159106373786926,0.02149972692131996,0.08583468943834305,0.20584726333618164,0.3239336907863617
36,0.26334961692055503,0.7585859336505789,0.5118947963822972,0.5373880763284185,0.9431818127632141,0.9205607175827026,0.9729729890823364,0.9873417615890503,0.7240142822265625,0.20000000298023224,0.2748091518878937,0.027397260069847107,0.11627906560897827,0.25,0.2142857164144516,0.9822854399681091,0.9694219827651978,0.9993394017219543,1.0,0.7757635712623596,0.3422126770019531,0.22916831076145172,0.024959521368145943,0.0575961098074913,0.20549683272838593,0.3250249922275543
37,0.22046951563421624,1.109257572944011,0.49516641382466664,0.520898521115834,0.9307478666305542,0.9336493611335754,0.9529411792755127,0.9873417615890503,0.6729559898376465,0.20588235557079315,0.22972974181175232,0.040816325694322586,0.08000000566244125,0.21276596188545227,0.20000000298023224,0.9865595698356628,0.9703352451324463,1.0,1.0,0.772494375705719,0.3187645673751831,0.22525951266288757,0.02430913783609867,0.07675867527723312,0.18973331153392792,0.16566933691501617
38,0.25794548374829274,0.688415909497016,0.5028074310923164,0.5305221185765483,0.9405099153518677,0.9307876229286194,0.9671642184257507,0.989847719669342,0.7058823704719543,0.16091953217983246,0.21176470816135406,0.025641025975346565,0.11688312143087387,0.1666666716337204,0.31481483578681946,0.9822173118591309,0.970933198928833,0.9995428919792175,1.0,0.7871083617210388,0.3402141034603119,0.19725799560546875,0.022332701832056046,0.07339631766080856,0.1864359974861145,0.2763044238090515
39,0.18464097795298412,1.0661333957909171,0.5257362059571526,0.5225819073278796,0.9455587267875671,0.9377990961074829,0.9729729890823364,0.9974424839019775,0.7193675637245178,0.24390244483947754,0.28828829526901245,0.0625,0.05797101557254791,0.23376622796058655,0.3235294222831726,0.9799549579620361,0.9723116755485535,0.9991458058357239,1.0,0.7735209465026855,0.27157750725746155,0.22272919118404388,0.025838596746325493,0.062495019286870956,0.21172387897968292,0.22910340130329132
40,0.18218122721537128,1.3731201450075579,0.5206757672131062,0.5136092168024995,0.9277777671813965,0.9445782899856567,0.9557521939277649,1.0,0.7311828136444092,0.2380952537059784,0.2542372941970825,0.054054055362939835,0.08988764137029648,0.24615386128425598,0.2857142686843872,0.9834801554679871,0.9762391448020935,0.9987190365791321,1.0,0.7744589447975159,0.23824211955070496,0.19584445655345917,0.020730791613459587,0.07268775999546051,0.1941366195678711,0.1951623558998108
41,0.15731603300178443,1.4060703382032727,0.519031897187233,0.5238396090201356,0.94017094373703,0.947115421295166,0.9729729890823364,1.0,0.7424242496490479,0.23255814611911774,0.27826088666915894,0.06896552443504333,0.12987013161182404,0.18867923319339752,0.2083333432674408,0.985257625579834,0.9771614670753479,0.9991022944450378,1.0,0.7693015933036804,0.2945316433906555,0.2404419332742691,0.0292325671762228,0.07251497358083725,0.2258405238389969,0.1688510775566101
42,0.14522282677555914,1.29174638337225,0.5340750976042314,0.5308175733820959,0.9461756348609924,0.944844126701355,0.970059871673584,1.0,0.7601476311683655,0.27027028799057007,0.3035714328289032,0.0,0.10256409645080566,0.21052631735801697,0.36666667461395264,0.9866746664047241,0.9780492782592773,0.9991827607154846,1.0,0.7915429472923279,0.2777292728424072,0.23830948770046234,0.023557286709547043,0.06441648304462433,0.21359936892986298,0.26593175530433655
43,0.20396139210724568,0.8999623450664205,0.5220715799792246,0.5369290767068212,0.9482758641242981,0.940617561340332,0.9788519740104675,0.9948979616165161,0.672897219657898,0.21212121844291687,0.22754491865634918,0.036363635212183,0.12244898080825806,0.22641509771347046,0.38235294818878174,0.9839789867401123,0.9783058762550354,0.9988649487495422,1.0,0.7990078926086426,0.3158665597438812,0.22127072513103485,0.021886389702558517,0.07869511097669601,0.20776040852069855,0.3005829453468323
44,0.17019814386922907,1.2568904642665057,0.5348662327636372,0.5432296623899178,0.945868968963623,0.9491525292396545,0.9788519740104675,1.0,0.7199999690055847,0.25,0.3132530152797699,0.0,0.1071428656578064,0.25925925374031067,0.35999998450279236,0.9846682548522949,0.97540283203125,0.9951551556587219,1.0,0.77371746301651,0.2700321078300476,0.23461927473545074,0.02510306052863598,0.07020576298236847,0.20563702285289764,0.4409853518009186
45,0.13993674320179028,1.2916250763819852,0.5367620980197733,0.5408760583536192,0.9485714435577393,0.9514563083648682,0.970059871673584,1.0,0.7322034239768982,0.25641024112701416,0.2654867172241211,0.0,0.12903226912021637,0.23255816102027893,0.41860464215278625,0.9832009673118591,0.9796656966209412,0.9969154000282288,1.0,0.7769405245780945,0.30251455307006836,0.23646165430545807,0.022193241864442825,0.0758141428232193,0.22130219638347626,0.3546282649040222
46,0.1502034191465203,1.1528541559137728,0.5333986499092795,0.5334537373009053,0.941504180431366,0.9489051103591919,0.9729729890823364,1.0,0.7330677509307861,0.25806450843811035,0.27272728085517883,0.0,0.17721518874168396,0.21917811036109924,0.3437500298023224,0.987079918384552,0.9777383208274841,0.9984850883483887,1.0,0.7785839438438416,0.31367287039756775,0.2060389369726181,0.022739073261618614,0.08509118854999542,0.15706861019134521,0.341493159532547
47,0.15858921117998742,1.119742163462103,0.5182389474727891,0.5443819656290791,0.9435028433799744,0.9519230723381042,0.9671642184257507,0.9974424839019775,0.7210884094238281,0.2352941334247589,0.24161076545715332,0.0,0.0941176488995552,0.1818181723356247,0.36666667461395264,0.9862876534461975,0.9813960790634155,0.999499499797821,1.0,0.7554689049720764,0.3383108973503113,0.23188239336013794,0.02162512019276619,0.079189732670784,0.20004570484161377,0.3944956362247467
48,0.1434651459857221,1.0806789242893184,0.5390031811865893,0.541346375407143,0.9485714435577393,0.9516908526420593,0.9788519740104675,0.9974424839019775,0.7482517957687378,0.2380952537059784,0.2706766724586487,0.0,0.1666666567325592,0.21212120354175568,0.4166666567325592,0.9830119013786316,0.9808835983276367,0.9991514086723328,1.0,0.7838531732559204,0.32914870977401733,0.2046758234500885,0.021429361775517464,0.07720792293548584,0.20933659374713898,0.3661116361618042
49,0.14974529831073222,1.892412197134466,0.5345512987537817,0.5261475809595801,0.95652174949646,0.9521530866622925,0.9848024249076843,0.9974424839019775,0.7380073666572571,0.3076923191547394,0.28947365283966064,0.0,0.09756097942590714,0.29999998211860657,0.25641024112701416,0.9803691506385803,0.9831080436706543,0.9960981607437134,1.0,0.7913824915885925,0.2533954083919525,0.18732324242591858,0.018587321043014526,0.08998748660087585,0.2630605697631836,0.22431151568889618
50,0.20165166346144764,0.8159919371298694,0.5174658332358707,0.5508502796292305,0.9575070738792419,0.9539951682090759,0.9818181991577148,1.0,0.6883116960525513,0.1818181872367859,0.21052630245685577,0.0,0.12162161618471146,0.1855670064687729,0.4109589159488678,0.985503077507019,0.9825450778007507,0.9991514086723328,1.0,0.7741876244544983,0.39281657338142395,0.21181488037109375,0.018361516296863556,0.09381262958049774,0.19157788157463074,0.4095824062824249
51,0.12477565977053764,1.7786198729580833,0.5408691377802328,0.5397784980860624,0.954023003578186,0.9476190805435181,0.9848024249076843,1.0,0.7722007632255554,0.3199999928474426,0.3243243396282196,0.0,0.1090909019112587,0.1875000149011612,0.3499999940395355,0.9782769083976746,0.9831928014755249,0.9969101548194885,1.0,0.7784873843193054,0.3431971073150635,0.2285865843296051,0.02059265971183777,0.08129271864891052,0.1938484013080597,0.3331787586212158
52,0.12936912036940948,1.6328916619677063,0.5359117930585687,0.5356993360275571,0.9405099153518677,0.9417248964309692,0.970059871673584,0.9923664331436157,0.7604563236236572,0.2666666507720947,0.28070175647735596,0.10526315867900848,0.1249999850988388,0.24561405181884766,0.2666666805744171,0.9835104942321777,0.9822481274604797,0.9967345595359802,0.9999738335609436,0.7830877900123596,0.3574995994567871,0.23014864325523376,0.04367484524846077,0.06817840784788132,0.23367935419082642,0.2139570415019989
53,0.12098378104058814,1.5045576794431843,0.5248409164222804,0.5357908584516157,0.9518413543701172,0.9453681707382202,0.9818181991577148,0.9974424839019775,0.7786259651184082,0.27027028799057007,0.29629629850387573,0.0,0.1111111119389534,0.25,0.1904762089252472,0.9882100224494934,0.9816889762878418,0.9972618818283081,1.0,0.7994436025619507,0.38418787717819214,0.2147676795721054,0.02564329467713833,0.0892840325832367,0.22169283032417297,0.19151924550533295
54,0.11394458894887359,2.0915694879487567,0.5130428495732221,0.5311745049601252,0.9534884095191956,0.9539951682090759,0.9878048896789551,1.0,0.7773584723472595,0.1818181872367859,0.3298968970775604,0.0,0.10526315867900848,0.1538461595773697,0.20000000298023224,0.9792070388793945,0.9845213294029236,0.9999621510505676,1.0,0.7859967350959778,0.29322049021720886,0.2200535237789154,0.02079838141798973,0.08439265191555023,0.2069438248872757,0.2678234279155731
55,0.15124862654741866,1.0159149585913336,0.5305496115576137,0.5550423134118319,0.9542856812477112,0.9489051103591919,0.9818181991577148,1.0,0.7418182492256165,0.24390244483947754,0.28333333134651184,0.0,0.11764706671237946,0.2181818187236786,0.3461538255214691,0.9862781763076782,0.9817470908164978,0.9998471140861511,1.0,0.795344889163971,0.28364261984825134,0.21565526723861694,0.020313559100031853,0.0903187170624733,0.19388851523399353,0.5384294986724854
56,0.10793216152614726,1.9668619073859048,0.5326918065547943,0.5504030771553516,0.9567723870277405,0.9297052621841431,0.9818181991577148,1.0,0.7644787430763245,0.27027028799057007,0.3333333432674408,0.0,0.11320754885673523,0.13793104887008667,0.3720930516719818,0.9833837151527405,0.9862464070320129,0.9996504783630371,1.0,0.7938991189002991,0.33876678347587585,0.2311973124742508,0.022083472460508347,0.0698152482509613,0.22795909643173218,0.40143221616744995
57,0.25381830236413977,0.768815816985016,0.5283311053433202,0.5619441111656752,0.9550561904907227,0.942307710647583,0.9756097793579102,0.9923664331436157,0.7704280018806458,0.2857142686843872,0.23943661153316498,0.05970149114727974,0.15384617447853088,0.2222222238779068,0.21495327353477478,0.9868747591972351,0.9788687825202942,0.9941971898078918,1.0,0.8109480738639832,0.3138978183269501,0.19982032477855682,0.032837990671396255,0.08304037153720856,0.20580020546913147,0.5750997066497803
58,0.5190480279398488,0.8949929238459385,0.46783953261646355,0.5213045684451406,0.9593023061752319,0.947115421295166,0.9655172228813171,0.9974424839019775,0.5445026755332947,0.09677419811487198,0.17142857611179352,0.01694915071129799,0.09142857044935226,0.19607843458652496,0.1596958190202713,0.9711995124816895,0.9782065153121948,0.9974613189697266,1.0,0.6457555294036865,0.273980975151062,0.17574413120746613,0.016697466373443604,0.056539762765169144,0.2139420062303543,0.40482303500175476
59,0.4389164272027138,0.929852331778325,0.4636343216354197,0.5265482735227455,0.823244571685791,0.9514563083648682,0.8350515365600586,1.0,0.6445783376693726,0.1505376398563385,0.18633541464805603,0.0,0.09708738327026367,0.15492959320545197,0.2567567527294159,0.979488730430603,0.9725572466850281,0.9977782368659973,1.0,0.7181597352027893,0.22236429154872894,0.1520383208990097,0.010359197854995728,0.05658486858010292,0.21850518882274628,0.464195191860199
60,0.3434299072284838,0.665420642905279,0.4944959550418637,0.5449982603842561,0.954023003578186,0.9489051103591919,0.9728096723556519,1.0,0.6235293745994568,0.1428571343421936,0.17000000178813934,0.0422535203397274,0.09137056767940521,0.21739131212234497,0.2763158082962036,0.9832879900932312,0.970486044883728,0.9984119534492493,1.0,0.7566465139389038,0.293802946805954,0.22418725490570068,0.039711616933345795,0.06914088129997253,0.2942740321159363,0.3650316298007965
61,0.29935910282554207,0.6728091997308059,0.5105392248793081,0.5395669175142591,0.9150684475898743,0.944844126701355,0.9446064233779907,1.0,0.7168458700180054,0.2500000298023224,0.1796407252550125,0.08219178020954132,0.09625668078660965,0.1927710920572281,0.2937062978744507,0.9818034768104553,0.9742926359176636,0.9969836473464966,1.0,0.7404022812843323,0.2496926337480545,0.20047657191753387,0.03772005811333656,0.0650993213057518,0.2973400056362152,0.3914254605770111
62,0.2747380550091083,0.5689572304935802,0.5161064206199213,0.5629192963242531,0.9299719333648682,0.94199538230896,0.9557521939277649,0.9974424839019775,0.7234042286872864,0.1846153736114502,0.21768707036972046,0.06382978707551956,0.10958904027938843,0.23404254019260406,0.3188405930995941,0.9809123873710632,0.9847314953804016,0.9889957904815674,1.0,0.7623048424720764,0.38230282068252563,0.21947374939918518,0.05140760540962219,0.07746811956167221,0.3068596422672272,0.43765580654144287
63,0.19736866914963985,0.9117136714586971,0.5385650687597014,0.5510149350897833,0.8954423666000366,0.9473684430122375,0.9178470373153687,1.0,0.7518247961997986,0.31578949093818665,0.2522522509098053,0.08695652335882187,0.1505376547574997,0.23999999463558197,0.3661971986293793,0.9818195700645447,0.9829996228218079,0.989020049571991,1.0,0.7841771841049194,0.34226661920547485,0.2121943086385727,0.04155872389674187,0.07403770089149475,0.28349068760871887,0.3695998191833496
64,0.17925677682024055,0.9088884029281112,0.5454779267311096,0.5398537013679743,0.9567723870277405,0.9491525292396545,0.9788519740104675,1.0,0.7698113322257996,0.27586206793785095,0.29702967405319214,0.0,0.1318681240081787,0.2545454502105713,0.3863636553287506,0.9799332022666931,0.9830299615859985,0.99786376953125,1.0,0.8089441061019897,0.18702034652233124,0.20314519107341766,0.030150650069117546,0.08447030186653137,0.22927851974964142,0.43455466628074646
65,0.1804446754874764,0.9497587680423615,0.5417179621078752,0.558438696644523,0.8997290134429932,0.9468598365783691,0.9364162087440491,1.0,0.7583643198013306,0.2500000298023224,0.25925925374031067,0.0833333358168602,0.14999999105930328,0.20618556439876556,0.4687500298023224,0.9848311543464661,0.9842773079872131,0.9982721209526062,1.0,0.8118559718132019,0.39095574617385864,0.22410094738006592,0.03738812357187271,0.0731082335114479,0.21240098774433136,0.42563506960868835
66,0.16253918693179176,1.172267515265699,0.5519862323999405,0.5400964157147841,0.9567723870277405,0.9489051103591919,0.9817072749137878,1.0,0.7657992839813232,0.25,0.3218390643596649,0.0,0.15238095819950104,0.2777777910232544,0.4166666865348816,0.9824740290641785,0.9825235605239868,0.9953786134719849,1.0,0.7952346801757812,0.2616569697856903,0.2191983163356781,0.03232499212026596,0.10731814056634903,0.20417743921279907,0.36077383160591125
67,0.22798547339745057,0.7256035992858607,0.517753329128027,0.5472974516451359,0.8759493827819824,0.9516908526420593,0.939130425453186,0.9974424839019775,0.7196652889251709,0.30000001192092896,0.2916666567325592,0.054054055362939835,0.12195122241973877,0.19230769574642181,0.2514285445213318,0.9881861209869385,0.9826825261116028,0.998545229434967,1.0,0.793372631072998,0.22207701206207275,0.20589494705200195,0.04154040291905403,0.0912686213850975,0.22825783491134644,0.46844664216041565
68,0.4721258900541089,0.7975733592969562,0.46531368080865254,0.5086038525808941,0.9243243336677551,0.9111617803573608,0.9204545617103577,0.9307876229286194,0.6399999260902405,0.1666666716337204,0.17391303181648254,0.05454545095562935,0.12612612545490265,0.11764707416296005,0.15282391011714935,0.9814067482948303,0.96598881483078,0.9940544962882996,0.9838970303535461,0.6160790324211121,0.16274933516979218,0.23702551424503326,0.03577175736427307,0.08032185584306717,0.11302575469017029,0.4243220388889313
69,0.32084716638147615,0.7888503730297088,0.4543201063166965,0.5227972905744206,0.8527918457984924,0.8418891429901123,0.8526315689086914,0.9048723578453064,0.6447761058807373,0.1505376398563385,0.19672133028507233,0.0625,0.12121211737394333,0.10958904027938843,0.2600000202655792,0.9777170419692993,0.9776242971420288,0.9980548620223999,0.9999475479125977,0.7192051410675049,0.30967697501182556,0.23509474098682404,0.039545997977256775,0.08780266344547272,0.13407546281814575,0.272025465965271
70,0.2269278496722162,0.8946678370408235,0.5145313204689459,0.5370797819711945,0.9405099153518677,0.946601927280426,0.9614243507385254,0.9974424839019775,0.6666666865348816,0.2153846174478531,0.23225808143615723,0.0625,0.12030074745416641,0.2068965584039688,0.30985915660858154,0.9733484387397766,0.9766165614128113,0.9988647699356079,1.0,0.769420862197876,0.3343161940574646,0.2555490732192993,0.05231846123933792,0.08212004601955414,0.17906807363033295,0.2862551212310791
71,0.19453221341192503,1.0481176737055113,0.543628219853748,0.5322371795773506,0.9431818127632141,0.956937849521637,0.9729729890823364,0.9974424839019775,0.6857143640518188,0.2857142686843872,0.2921348214149475,0.111111119389534,0.1492537260055542,0.21621620655059814,0.3692307770252228,0.979517936706543,0.9809722900390625,0.9996583461761475,1.0,0.7677962779998779,0.2850278317928314,0.2621285915374756,0.07285097986459732,0.07261620461940765,0.20628643035888672,0.22775408625602722
72,0.18507555821712637,0.8315721960516151,0.5321323797106743,0.5405605387958613,0.9329609274864197,0.9514563083648682,0.9671642184257507,1.0,0.699999988079071,0.2352941334247589,0.24460433423519135,0.07692307978868484,0.14953270554542542,0.23188407719135284,0.36363640427589417,0.98179030418396,0.9802377223968506,0.9995761513710022,1.0,0.7867944240570068,0.3569408357143402,0.2513437569141388,0.06239935755729675,0.09694547206163406,0.2019491344690323,0.22818876802921295
73,0.2121555594515888,0.637285071570392,0.5187468840317293,0.5417335124855692,0.9431818127632141,0.944844126701355,0.9696969389915466,0.9873417615890503,0.709030032157898,0.21212121844291687,0.2432432323694229,0.07692307233810425,0.12857142090797424,0.19999998807907104,0.29126212000846863,0.9787115454673767,0.9782734513282776,0.9962786436080933,1.0,0.7863358855247498,0.3289135694503784,0.24009554088115692,0.05909961834549904,0.11557174474000931,0.2263573557138443,0.2494312822818756
74,0.14198214001271314,1.1578926049788063,0.5428566052155062,0.5317603156647899,0.9230769276618958,0.9498806595802307,0.9614243507385254,1.0,0.7445255517959595,0.307692289352417,0.2666666805744171,0.13333334028720856,0.09836065769195557,0.22580647468566895,0.3606557250022888,0.9851924180984497,0.98382568359375,0.999655544757843,1.0,0.7951948642730713,0.29160910844802856,0.24182547628879547,0.05284391716122627,0.07609506696462631,0.20726193487644196,0.21585945785045624
75,0.20852811672748664,0.8784886811851361,0.5118042799559507,0.5249144042080099,0.9491525292396545,0.9489051103591919,0.9671642184257507,1.0,0.6564416885375977,0.19512194395065308,0.2278481125831604,0.0714285746216774,0.1111111119389534,0.21176470816135406,0.290909081697464,0.9824589490890503,0.9789035320281982,0.9990101456642151,1.0,0.7851130962371826,0.2546621859073639,0.23862609267234802,0.03519091755151749,0.09498345106840134,0.2206418812274933,0.18446819484233856
76,0.22326672513843018,0.6556450625078394,0.5183805979110978,0.5303889028728008,0.9418604969978333,0.9546539187431335,0.9691358208656311,0.989847719669342,0.743859589099884,0.20895522832870483,0.2352941334247589,0.054794520139694214,0.11594203859567642,0.21333332359790802,0.2745097875595093,0.9768470525741577,0.9814347624778748,0.9930201768875122,1.0,0.7916545867919922,0.2875634431838989,0.2302660197019577,0.04087301716208458,0.07486949115991592,0.21526116132736206,0.24248822033405304
77,0.14222886525230966,1.0098248351946337,0.5447994030334733,0.544453998180953,0.9431818127632141,0.95652174949646,0.9729729890823364,1.0,0.7420494556427002,0.25925925374031067,0.2947368323802948,0.08695652335882187,0.14117646217346191,0.2745097875595093,0.3214285671710968,0.9837162494659424,0.9837836027145386,0.9998083114624023,1.0,0.805417001247406,0.3768226206302643,0.24899226427078247,0.05890935659408569,0.08115675300359726,0.20863474905490875,0.24175307154655457
78,0.14988526756510193,0.7695628771097015,0.5301210500977256,0.5378496650267731,0.9548022747039795,0.9514563083648682,0.9759036302566528,1.0,0.7490909099578857,0.23728813230991364,0.28282830119132996,0.0,0.1538461595773697,0.20512819290161133,0.32098764181137085,0.9848837852478027,0.9838801622390747,0.9995729923248291,1.0,0.8103160262107849,0.2981863021850586,0.2403005063533783,0.057387057691812515,0.10299557447433472,0.19333365559577942,0.24549025297164917
79,0.19274256779597357,0.6257108908795982,0.5270054936408997,0.5466767989776351,0.9159891605377197,0.9526066780090332,0.9473683834075928,1.0,0.7248321771621704,0.21212121844291687,0.2432432323694229,0.11428571492433548,0.11510791629552841,0.22535212337970734,0.3461538255214691,0.9874971508979797,0.9852361679077148,0.9991630911827087,1.0,0.7964493036270142,0.3464592695236206,0.24166949093341827,0.046118296682834625,0.0833224505186081,0.21582087874412537,0.3117086887359619
80,0.241346172149201,0.919631439830185,0.5144204355098985,0.5516802458600565,0.91847825050354,0.9377990961074829,0.9204545617103577,0.9974292516708374,0.7446808815002441,0.15686273574829102,0.19999998807907104,0.10000000149011612,0.09090909361839294,0.178217813372612,0.4137931168079376,0.9831326603889465,0.9825931787490845,0.998680591583252,1.0,0.8196901082992554,0.2645898163318634,0.2510508894920349,0.05384347587823868,0.06660908460617065,0.24756896495819092,0.400723934173584
81,0.16601775717604292,1.27180257624169,0.5380910404703834,0.5383592210710049,0.9485714435577393,0.9516908526420593,0.9729729890823364,1.0,0.7380952835083008,0.24390244483947754,0.2586206793785095,0.0,0.11363635957241058,0.2857142984867096,0.4057970941066742,0.9837834239006042,0.984067440032959,0.9988846778869629,1.0,0.7864857912063599,0.23747962713241577,0.24868203699588776,0.03498402237892151,0.06117113307118416,0.19293023645877838,0.39348304271698
82,0.19955239977155412,0.7943043862621688,0.5170937464995817,0.5321317633444612,0.9431818127632141,0.9516908526420593,0.9638553857803345,1.0,0.6840391159057617,0.19354839622974396,0.21192052960395813,0.0,0.1118881106376648,0.23255816102027893,0.39534884691238403,0.9805312752723694,0.9855905771255493,0.9893273711204529,1.0,0.7607809901237488,0.1893250048160553,0.24847163259983063,0.042942531406879425,0.06002838909626007,0.19756318628787994,0.3988884389400482
83,0.1550681747891855,1.0669267849291786,0.5295846150680021,0.5261837054382671,0.8865979313850403,0.9539951682090759,0.9501466751098633,1.0,0.7428571581840515,0.22857141494750977,0.2521008551120758,0.0,0.1473684161901474,0.2500000298023224,0.4137931168079376,0.9838430881500244,0.9846763610839844,0.9938803315162659,1.0,0.8025497794151306,0.20623044669628143,0.22848692536354065,0.043205469846725464,0.06200474500656128,0.16781555116176605,0.31532806158065796
84,0.1339289119310213,1.4182483964462962,0.533726541833444,0.5299851758913561,0.9510086178779602,0.9542168378829956,0.9667673707008362,1.0,0.750902533531189,0.2777777910232544,0.29906541109085083,0.0,0.16091953217983246,0.29411762952804565,0.21621623635292053,0.9831279516220093,0.9859708547592163,0.9946512579917908,1.0,0.8102988600730896,0.2227044701576233,0.2487100213766098,0.03810420632362366,0.07016003131866455,0.184042826294899,0.29206645488739014
85,0.12659159998303696,1.4811151997622,0.544855110347271,0.5324029333212159,0.948863685131073,0.95652174949646,0.964285671710968,1.0,0.7559055685997009,0.3076923191547394,0.29629629850387573,0.0,0.0416666641831398,0.2631579041481018,0.459016352891922,0.9883230924606323,0.9867295622825623,0.9992421269416809,1.0,0.8085499405860901,0.2281082570552826,0.24286961555480957,0.036129429936409,0.06049039214849472,0.20735704898834229,0.29863280057907104
86,0.1150388037001257,1.3577623876358527,0.5488510903987017,0.5349084653637626,0.9512894153594971,0.9514563083648682,0.9759036302566528,1.0,0.760869562625885,0.29411765933036804,0.31683170795440674,0.0,0.1315789371728897,0.2631579041481018,0.3921568691730499,0.9856688380241394,0.9851392507553101,0.9994280338287354,1.0,0.814902663230896,0.22049552202224731,0.2523961663246155,0.04042835533618927,0.07254670560359955,0.21061784029006958,0.30236974358558655
87,0.13440205098808686,1.0154840821545537,0.5436289500106465,0.5333145741711963,0.9595375657081604,0.9514563083648682,0.9817072749137878,1.0,0.7697842121124268,0.27272728085517883,0.28070175647735596,0.0,0.15384617447853088,0.25531914830207825,0.3548387289047241,0.9853724241256714,0.9851129055023193,0.9982922673225403,1.0,0.8137004375457764,0.22036729753017426,0.24989524483680725,0.03352806717157364,0.0807161033153534,0.19518330693244934,0.3042922616004944
88,0.13330071978953295,1.579266218444623,0.5118985982103781,0.525002169507471,0.9635854363441467,0.9514563083648682,0.9671642184257507,1.0,0.7508772611618042,0.22857141494750977,0.2689075767993927,0.0,0.10638298094272614,0.27272725105285645,0.12121213227510452,0.9880968928337097,0.9843497276306152,0.9995189905166626,1.0,0.8090288043022156,0.17425651848316193,0.23114316165447235,0.02558356709778309,0.08452169597148895,0.251997172832489,0.22652733325958252
89,0.2195424909256535,1.528271400817422,0.5311302359808575,0.5236897590485486,0.9405099153518677,0.9420289993286133,0.9759036302566528,1.0,0.7230769395828247,0.3199999928474426,0.28260868787765503,0.0,0.10884354263544083,0.2962963283061981,0.2531645596027374,0.9798465967178345,0.977301836013794,0.999342143535614,1.0,0.7548487782478333,0.2875394821166992,0.20498928427696228,0.033745795488357544,0.0898827314376831,0.23085162043571472,0.20223908126354218
90,0.18918308910432752,1.1210108205812788,0.5133774348280646,0.5272826437245716,0.9431818127632141,0.9420289993286133,0.9557521939277649,0.9948979616165161,0.7138047218322754,0.27272728085517883,0.24285714328289032,0.0,0.10769230127334595,0.17283952236175537,0.301369845867157,0.9796175360679626,0.979627251625061,0.9996200203895569,1.0,0.7863889336585999,0.2739207446575165,0.24921748042106628,0.024641692638397217,0.08177941292524338,0.2187078893184662,0.20658811926841736
91,0.1624902063237005,1.390632963700032,0.5336789705536582,0.5407865690914068,0.954023003578186,0.9521530866622925,0.9848024249076843,0.9974424839019775,0.7449393272399902,0.29629629850387573,0.27906978130340576,0.0,0.11235955357551575,0.2777777910232544,0.2716049253940582,0.9818719625473022,0.9832223653793335,0.9996591210365295,1.0,0.797945499420166,0.293584406375885,0.25481846928596497,0.027521930634975433,0.07670710980892181,0.2938043773174286,0.23951701819896698
92,0.20781604429167924,0.9326961331212585,0.5163384574380788,0.5456892031837594,0.9378531575202942,0.942307710647583,0.9729729890823364,0.9848484992980957,0.7703180313110352,0.29629629850387573,0.2627737522125244,0.0,0.1111111119389534,0.17777778208255768,0.22346369922161102,0.9871452450752258,0.983618438243866,0.997917890548706,1.0,0.81211256980896,0.2420942485332489,0.2937236726284027,0.033764924854040146,0.06827965378761292,0.2623603343963623,0.321564257144928
93,0.14198110675637102,2.071425288234658,0.5170617096803405,0.5355891117995436,0.9431818127632141,0.9516908526420593,0.9729729890823364,1.0,0.7851852178573608,0.30000001192092896,0.3076923191547394,0.0,0.09090908616781235,0.1860465258359909,0.14999999105930328,0.9857704639434814,0.9853982925415039,0.9998106360435486,1.0,0.8024457097053528,0.30322545766830444,0.30353596806526184,0.03086712956428528,0.05923255532979965,0.24318404495716095,0.1780099719762802
94,0.13587493876561577,1.2370542185022197,0.550493447618051,0.5525730943137949,0.9627507328987122,0.9519230723381042,0.9788519740104675,0.9974424839019775,0.781361997127533,0.37037035822868347,0.2666666805744171,0.0,0.14000000059604645,0.1904762089252472,0.41558441519737244,0.9882127642631531,0.9854954481124878,0.9994920492172241,1.0,0.8010427951812744,0.3534368574619293,0.291049599647522,0.025947540998458862,0.07907988131046295,0.2182699739933014,0.3362771272659302
95,0.11536887346770301,1.6935094393721415,0.5380344932729547,0.543613877994093,0.95652174949646,0.9521530866622925,0.9908257126808167,0.9974424839019775,0.7894737124443054,0.20000000298023224,0.3076923191547394,0.0,0.12903225421905518,0.22857142984867096,0.36666667461395264,0.9891031384468079,0.986140787601471,0.9995729923248291,1.0,0.8064998984336853,0.285139262676239,0.2780686020851135,0.023307492956519127,0.08240223675966263,0.21464625000953674,0.31487199664115906
96,0.10810932746300331,1.7085706552029203,0.5440471212972294,0.5449114455418154,0.9595375657081604,0.9496403336524963,0.9878048896789551,0.9974424839019775,0.7867646813392639,0.2857142984867096,0.3030303120613098,0.0,0.13513514399528503,0.22857142984867096,0.35087719559669495,0.9902292490005493,0.9871660470962524,0.999539315700531,1.0,0.8102099299430847,0.26666897535324097,0.2967625558376312,0.023368611931800842,0.07675065100193024,0.2136659473180771,0.3296646177768707
97,0.1122590629418036,2.08440035436115,0.5380383533510295,0.5343642602251335,0.9595375657081604,0.9489051103591919,0.9788519740104675,1.0,0.7777777314186096,0.3529411554336548,0.35820895433425903,0.0,0.05263157933950424,0.26229509711265564,0.22727271914482117,0.9884517788887024,0.9871141314506531,0.9989391565322876,1.0,0.8114687204360962,0.2313520312309265,0.2498435378074646,0.025212714448571205,0.0754685327410698,0.2699148654937744,0.2402413934469223
98,0.10389777141940462,1.7958399138626975,0.543602854013443,0.5382100922817533,0.9714285731315613,0.9498806595802307,0.9848024249076843,1.0,0.7714285850524902,0.31578949093818665,0.3368421494960785,0.0,0.12820513546466827,0.292682945728302,0.22857142984867096,0.9901938438415527,0.985051691532135,0.9993031620979309,1.0,0.803076982498169,0.24549202620983124,0.24559587240219116,0.03703031316399574,0.07948186248540878,0.26731130480766296,0.26777395606040955
99,0.11489240568636101,1.7778029308406584,0.5428661853075027,0.5474853359840133,0.9567723870277405,0.9548693895339966,0.9759036302566528,0.9974424839019775,0.7799227833747864,0.29629629850387573,0.31460675597190857,0.0,0.1600000113248825,0.2857142984867096,0.25,0.9861077070236206,0.9892584085464478,0.9973754286766052,1.0,0.7971810102462769,0.34900227189064026,0.2796042561531067,0.04019220173358917,0.07291967421770096,0.2647191882133484,0.24597854912281036
100,0.11647336092187371,1.8651273670546507,0.5350965139540759,0.5382854356007143,0.9473684430122375,0.95961993932724,0.9418604969978333,1.0,0.7910447716712952,0.3571428656578064,0.302325576543808,0.0,0.1304347813129425,0.23404254019260406,0.222222238779068,0.9928247928619385,0.9882857203483582,0.9996960759162903,1.0,0.7887496948242188,0.2598230242729187,0.25609272718429565,0.06857886910438538,0.06420557200908661,0.25657376646995544,0.2463095486164093
