# model_name=layerwise_exchange_client_13
# seed=0
# started_at=20260421-220835
epoch,train_loss,val_loss,val_macro_minF1,val_macro_pr_auc,val_deg-in_minF1,val_deg-out_minF1,val_fan-in_minF1,val_fan-out_minF1,val_C2_minF1,val_C3_minF1,val_C4_minF1,val_C5_minF1,val_C6_minF1,val_S-G_minF1,val_B-C_minF1,val_deg-in_pr_auc,val_deg-out_pr_auc,val_fan-in_pr_auc,val_fan-out_pr_auc,val_C2_pr_auc,val_C3_pr_auc,val_C4_pr_auc,val_C5_pr_auc,val_C6_pr_auc,val_S-G_pr_auc,val_B-C_pr_auc
1,0.8335309063687044,0.8535859549746794,0.0876743658022447,0.6551301316781477,0.0,0.0,0.5054945349693298,0.0,0.0,0.0,0.0,0.45892348885536194,0.0,0.0,0.0,0.9786779880523682,0.8859533667564392,0.9381641149520874,0.8583977818489075,0.2926328778266907,0.47452887892723083,0.5885737538337708,0.4757702648639679,0.33164161443710327,0.6807964444160461,0.7012943625450134
2,0.8333614608820747,0.8539574637132532,0.1772748286073858,0.5973734991116957,0.0,0.0,0.5054945349693298,0.0,0.0,0.0,0.6365914344787598,0.45892348885536194,0.34901365637779236,0.0,0.0,0.9952034950256348,0.668195366859436,0.9905271530151367,0.5710327625274658,0.3321552276611328,0.5000599026679993,0.5492871999740601,0.3418487012386322,0.22953557968139648,0.686448872089386,0.7068142294883728
3,0.8308913602548487,0.8513647352947908,0.27790615504438226,0.5144055607643995,0.4453124701976776,0.0,0.7525423765182495,0.0,0.0,0.0,0.6365914344787598,0.45892348885536194,0.34876543283462524,0.23036649823188782,0.18446600437164307,0.9968112707138062,0.31272608041763306,0.9963480234146118,0.30023661255836487,0.2841678559780121,0.40960606932640076,0.5167759656906128,0.29627513885498047,0.19102953374385834,0.6662424802780151,0.6882421374320984
4,0.7760283701560077,0.794202611726873,0.5464976077730005,0.610871130769903,0.9301075339317322,0.30837005376815796,0.9720669984817505,0.2924528121948242,0.32335329055786133,0.3501945734024048,0.670344889163971,0.5055292248725891,0.40747663378715515,0.5969230532646179,0.6546546220779419,0.9727057814598083,0.6624376177787781,0.9976699352264404,0.6275874376296997,0.3464787006378174,0.5432234406471252,0.597234308719635,0.37446606159210205,0.25860244035720825,0.6532207131385803,0.6859560012817383
5,0.523390440379872,0.5352791933452382,0.7275003628297285,0.7360542850060896,0.9608355164527893,0.9621621966362,1.0,0.983146071434021,0.42335763573646545,0.6310160756111145,0.7189096212387085,0.568965494632721,0.45728644728660583,0.6193181872367859,0.6775067448616028,0.9969807267189026,0.9982859492301941,1.0,0.9991235733032227,0.4054972529411316,0.6526376008987427,0.7172082662582397,0.5107836127281189,0.4044550061225891,0.6906101703643799,0.7210149765014648
6,0.4553440704065211,0.4680286382927614,0.7270614640279249,0.7430472915822809,0.9608355164527893,0.9760000109672546,1.0,0.997245192527771,0.4166666865348816,0.6333333849906921,0.6924493908882141,0.5583524107933044,0.4659685790538788,0.6193181872367859,0.6775067448616028,0.9979655146598816,1.0,1.0,1.0,0.4164685606956482,0.6348320841789246,0.7292248010635376,0.5565828680992126,0.43762874603271484,0.6802191734313965,0.7205984592437744
7,0.41949905893381906,0.4339654620955972,0.7377464229410345,0.7542509788816626,0.9820971488952637,1.0,0.9892473220825195,0.9757412672042847,0.46349209547042847,0.6374695301055908,0.6964617967605591,0.5912240147590637,0.4743935465812683,0.6260388493537903,0.6790450811386108,0.9997542500495911,1.0,0.999644935131073,1.0,0.4286845624446869,0.6523327827453613,0.7478037476539612,0.5847596526145935,0.4999621510505676,0.6822816133499146,0.7015370726585388
8,0.4201342323247124,0.42830267373253317,0.7336973304098303,0.7602928714318709,0.9635416865348816,0.981432318687439,1.0,0.9944751262664795,0.4437500238418579,0.6436781883239746,0.6914498805999756,0.5688073635101318,0.4754522144794464,0.6271186470985413,0.6809651851654053,0.9994908571243286,1.0,1.0,0.9998805522918701,0.4319052994251251,0.6555173993110657,0.750458300113678,0.5890921950340271,0.49581512808799744,0.7110575437545776,0.7300043106079102
9,0.40886884752441854,0.42058520983247194,0.7349888465621255,0.7646023820747029,0.9715762138366699,0.997389018535614,0.9972899556159973,0.9757412672042847,0.44247785210609436,0.6431924700737,0.684210479259491,0.5846867561340332,0.49056604504585266,0.6204985976219177,0.6772486567497253,0.9993227124214172,0.9999729990959167,1.0,0.9996586441993713,0.4293515980243683,0.661677360534668,0.7638989090919495,0.6089199185371399,0.5139051079750061,0.7116873860359192,0.7222315669059753
10,0.4091574163997875,0.42246685659184174,0.7376382757316936,0.7722649357535623,0.9689119458198547,0.9894736409187317,0.9972899556159973,0.997245192527771,0.4451410472393036,0.6425120830535889,0.6998158693313599,0.5846867561340332,0.4894736409187317,0.6222222447395325,0.6772486567497253,0.9993801712989807,1.0,1.0,0.9989348649978638,0.43070632219314575,0.6636070013046265,0.7685235738754272,0.6286695599555969,0.5596174597740173,0.7152926921844482,0.7301826477050781
11,0.40319215550142173,0.4128932444488301,0.7415480044755068,0.7759722796353427,0.9715762138366699,0.9868074059486389,0.9972899556159973,0.9917808175086975,0.4728434681892395,0.6356968283653259,0.7078040242195129,0.6013667583465576,0.4959127604961395,0.618784487247467,0.6771653294563293,0.9999009966850281,1.0,1.0,1.0,0.4369983673095703,0.6602147817611694,0.7726551294326782,0.6534947752952576,0.5849625468254089,0.7099752426147461,0.7174932360649109
12,0.3940008563153884,0.406858610756257,0.7482516115361993,0.7814049856229262,0.992405116558075,0.9894736409187317,0.9919137358665466,0.997245192527771,0.4624999761581421,0.6480186581611633,0.7100371718406677,0.6182669997215271,0.5321637392044067,0.6186667084693909,0.6700767874717712,0.9999253749847412,1.0,1.0,1.0,0.4437567889690399,0.6617762446403503,0.7805160880088806,0.6694313287734985,0.603912353515625,0.7130801677703857,0.7230564951896667
13,0.40288759680355296,0.4180301795987522,0.7457884848117828,0.782610069621693,0.9715762138366699,0.981432318687439,1.0,0.997245192527771,0.45847174525260925,0.640586793422699,0.7168458104133606,0.6163793206214905,0.527220606803894,0.6166666746139526,0.6772486567497253,0.9999748468399048,1.0,1.0,1.0,0.4456103444099426,0.6706464886665344,0.7778903841972351,0.6701223850250244,0.6048079133033752,0.7122993469238281,0.7273590564727783
14,0.3855132478124955,0.3971079956082737,0.7557012465867129,0.7902093746445396,0.9872773289680481,0.997389018535614,0.9919137358665466,0.9917808175086975,0.4556213319301605,0.6589326858520508,0.7191011309623718,0.6555023789405823,0.5615141987800598,0.6236559152603149,0.6700251698493958,0.9997825622558594,1.0,1.0,1.0,0.45031046867370605,0.6725116968154907,0.792306661605835,0.6944004893302917,0.6379561424255371,0.7177788019180298,0.7272562980651855
15,0.3889608681201935,0.4005080514094409,0.7550804642113772,0.7932446788657795,0.9689119458198547,0.9868074059486389,1.0,0.997245192527771,0.4683544337749481,0.6372548341751099,0.7175843715667725,0.6455982327461243,0.5840708017349243,0.6263736486434937,0.6736842393875122,1.0,1.0,1.0,1.0,0.4466928541660309,0.6785191893577576,0.7961211800575256,0.7025893926620483,0.6616109013557434,0.7222619652748108,0.7178959846496582
16,0.3863692318691927,0.3992745963966145,0.7622047825293108,0.8000919629227031,0.9715762138366699,0.981432318687439,0.9945945739746094,0.997245192527771,0.4717608094215393,0.6442307829856873,0.7422302961349487,0.6666666865348816,0.6144578456878662,0.6263736486434937,0.6736842393875122,0.9996918439865112,1.0,1.0,1.0,0.4612005650997162,0.6743050217628479,0.8069332838058472,0.7218253016471863,0.6978619694709778,0.7165589928627014,0.7226346135139465
17,0.3855423594222349,0.3980349425007315,0.7606786245649512,0.8034891946749254,0.9715762138366699,0.9841269850730896,0.9972899556159973,0.997245192527771,0.48051950335502625,0.6401985287666321,0.7314488291740417,0.6682027578353882,0.6005830764770508,0.6225895881652832,0.6736842393875122,0.9999748468399048,1.0,1.0,1.0,0.4690088927745819,0.6798567771911621,0.8161527514457703,0.7287874221801758,0.7031237483024597,0.7244503498077393,0.7170263528823853
18,0.37691784430952635,0.38730566466555877,0.7692187997427854,0.8068609048019756,0.9872773289680481,0.9894736409187317,0.9945945739746094,0.997245192527771,0.4528302252292633,0.6650717854499817,0.7490637302398682,0.6813725233078003,0.6306306719779968,0.6385224461555481,0.6753246784210205,1.0,0.9999729990959167,1.0,1.0,0.46332070231437683,0.6913056969642639,0.8272949457168579,0.7304747104644775,0.7141931653022766,0.7296459078788757,0.7192618250846863
19,0.380669422009412,0.39182572329745574,0.7646906701001254,0.8120017458092083,0.9715762138366699,0.9841269850730896,1.0,0.997245192527771,0.4848484396934509,0.6499999761581421,0.7412587404251099,0.6773455739021301,0.6109510064125061,0.6170799136161804,0.6771653294563293,1.0,1.0,1.0,1.0,0.47742435336112976,0.6961401700973511,0.8245822787284851,0.7509844303131104,0.7391210794448853,0.7203333377838135,0.7234335541725159
20,0.37071650869706096,0.3848589343183181,0.7681282975456931,0.8143791556358337,0.97686368227005,0.978723406791687,0.9945945739746094,0.997245192527771,0.4900662302970886,0.6491646766662598,0.7356747388839722,0.6811594367027283,0.6341463327407837,0.6279683709144592,0.6838046312332153,1.0,1.0,1.0,0.9999696612358093,0.4677157402038574,0.6878151893615723,0.8279452323913574,0.762345552444458,0.7639604806900024,0.7206602096557617,0.7277586460113525
21,0.36566151941523833,0.3771411005188437,0.7680290720679543,0.8195953883908011,0.989847719669342,0.9921259880065918,0.9919137358665466,0.9945054650306702,0.4903225302696228,0.6555023789405823,0.7481203079223633,0.6698794960975647,0.6055046319961548,0.6370757222175598,0.6735218167304993,1.0,1.0,1.0,0.9999696612358093,0.48441770672798157,0.6986789107322693,0.8362916111946106,0.7723702788352966,0.7779844999313354,0.7227227687835693,0.7231138348579407
22,0.3727368116378784,0.38682765645139355,0.7636632540009238,0.8180805878205732,0.9742268323898315,0.9894736409187317,0.9945945739746094,0.9945054650306702,0.48275864124298096,0.6565656661987305,0.7385159134864807,0.6620690226554871,0.6109510064125061,0.6229507923126221,0.6736842393875122,1.0,1.0,1.0,1.0,0.493317186832428,0.7002152800559998,0.8318282961845398,0.7606446743011475,0.7658524513244629,0.7218668460845947,0.7251617312431335
23,0.367739761576933,0.3806309892850764,0.7669157927686517,0.8199411251328208,0.97686368227005,0.9894736409187317,0.9919137358665466,0.997245192527771,0.501694917678833,0.6618704795837402,0.7326006889343262,0.6603325605392456,0.6204819083213806,0.6282722353935242,0.6753246784210205,1.0,0.9999729990959167,1.0,1.0,0.504298985004425,0.7009265422821045,0.8377381563186646,0.7573567628860474,0.774997889995575,0.7214551568031311,0.7226058840751648
24,0.3644761933999903,0.37675468535984263,0.7697248187932101,0.8230522058226846,0.9846938848495483,0.9894736409187317,0.9919137358665466,0.9917808175086975,0.5174825191497803,0.6650367379188538,0.7477313876152039,0.6635730862617493,0.6034482717514038,0.6434316039085388,0.6684073209762573,1.0,1.0,1.0,1.0,0.5196157097816467,0.7010430693626404,0.8340696692466736,0.7747790813446045,0.7742589712142944,0.723931074142456,0.7258766889572144
25,0.3574808467836941,0.37229955897611733,0.7659897370771929,0.8255835392258384,0.9794871211051941,0.9921259880065918,0.9919137358665466,0.9945054650306702,0.5049834251403809,0.6540284752845764,0.7372263073921204,0.6480186581611633,0.6099706888198853,0.6417112350463867,0.6719160079956055,1.0,1.0,1.0,1.0,0.5139363408088684,0.7006117105484009,0.8399625420570374,0.7909209132194519,0.7965310215950012,0.7180451154708862,0.7214112877845764
26,0.358054972746793,0.3744182709385367,0.7715100971135226,0.8292406418106772,0.989847719669342,0.997389018535614,0.9919137358665466,0.9890710711479187,0.5304659605026245,0.6715328693389893,0.7355073094367981,0.6698113083839417,0.6076696515083313,0.6332453489303589,0.6701570749282837,1.0,1.0,1.0,1.0,0.53704833984375,0.7100298404693604,0.8380810022354126,0.7937823534011841,0.8201863765716553,0.7101722359657288,0.7123469114303589
27,0.3623472469694474,0.373150076936273,0.7707241665233265,0.8264441923661665,0.9820971488952637,0.9921259880065918,0.9945945739746094,0.997245192527771,0.5492957830429077,0.6567901372909546,0.739676833152771,0.6527777314186096,0.6172106266021729,0.6259947419166565,0.6701570749282837,1.0,1.0,1.0,1.0,0.5424514412879944,0.7112767696380615,0.8469399213790894,0.7667650580406189,0.7859361171722412,0.7198957204818726,0.7176210880279541
28,0.352487176656723,0.36377354404505563,0.7760964198545977,0.8316326629031788,0.992405116558075,0.997389018535614,0.9892473220825195,0.997245192527771,0.5551601648330688,0.6872038245201111,0.7316175699234009,0.6682242751121521,0.6144578456878662,0.6391752362251282,0.6649350523948669,1.0,1.0,1.0,1.0,0.589882493019104,0.7002316117286682,0.8506417274475098,0.7826700806617737,0.7966287136077881,0.7122746109962463,0.715630054473877
29,0.3530422782196718,0.3672579965170692,0.7727191556583751,0.8274819417433306,0.9949495196342468,0.997389018535614,0.9919137358665466,0.997245192527771,0.562277615070343,0.6797066330909729,0.7289377450942993,0.6556603312492371,0.5994236469268799,0.6239999532699585,0.6684073209762573,1.0,1.0,1.0,1.0,0.5813784003257751,0.6974152326583862,0.8356949687004089,0.7689990401268005,0.79499351978302,0.7105444669723511,0.7132757306098938
30,0.3500687918242286,0.3627764757941751,0.7740520347248424,0.836764162236994,0.992405116558075,0.9921259880065918,0.9919137358665466,0.997245192527771,0.6166008710861206,0.6395938992500305,0.7304964661598206,0.65887850522995,0.5936599373817444,0.6332453489303589,0.6684073209762573,1.0,1.0,1.0,1.0,0.642766535282135,0.690096914768219,0.8419146537780762,0.7859688997268677,0.8097007274627686,0.7181222438812256,0.7158358097076416
31,0.3485843311337864,0.3631659728639266,0.7714099558916959,0.8339262929829684,0.9794871211051941,1.0,0.9945945739746094,0.997245192527771,0.6015625596046448,0.6237112879753113,0.7237076163291931,0.6666666865348816,0.5982404351234436,0.6301369667053223,0.6701570749282837,1.0,1.0,1.0,1.0,0.6400472521781921,0.7001171708106995,0.842248260974884,0.7648895382881165,0.7949588298797607,0.7165235280990601,0.7144046425819397
32,0.3364626291920157,0.34899373966104846,0.7834198420697992,0.8408591205423529,0.992405116558075,1.0,0.9919137358665466,0.997245192527771,0.6241133809089661,0.6849315166473389,0.7406015396118164,0.6699507236480713,0.613003134727478,0.6315789222717285,0.671875,1.0,1.0,1.0,1.0,0.6983264088630676,0.7014830112457275,0.8423740267753601,0.783074140548706,0.7944042086601257,0.7168192863464355,0.7129692435264587
33,0.3337377940907198,0.3464007482809179,0.7895816998048262,0.8397737307982012,0.997481107711792,0.9868074059486389,0.9945945739746094,0.997245192527771,0.7471698522567749,0.6571428775787354,0.7410207986831665,0.668329119682312,0.6055046319961548,0.6200000047683716,0.670103132724762,1.0,1.0,0.9998213052749634,0.9997523427009583,0.7196400761604309,0.6801666617393494,0.8447955846786499,0.7693682909011841,0.799644410610199,0.7114843130111694,0.7128380537033081
34,0.33070476791437936,0.3432905936942381,0.7797754786231301,0.8440914208238776,0.9846938848495483,1.0,0.9919137358665466,0.997245192527771,0.7137255072593689,0.6139088869094849,0.7350746393203735,0.6570048332214355,0.575667679309845,0.6346666812896729,0.6736292243003845,1.0,1.0,1.0,1.0,0.7724953889846802,0.6861142516136169,0.8404019474983215,0.757104754447937,0.772396445274353,0.7280207872390747,0.7284720540046692
35,0.3234657820533304,0.33562831492984996,0.7946756753054532,0.8455570448528636,0.9949495196342468,0.997389018535614,0.9892473220825195,0.997245192527771,0.7876448035240173,0.6788990497589111,0.7376425862312317,0.6551724672317505,0.5939393639564514,0.6361323595046997,0.6731707453727722,1.0,1.0,0.9999706149101257,1.0,0.7729656100273132,0.692990243434906,0.8387035131454468,0.773915708065033,0.7942929863929749,0.7107983231544495,0.7174904942512512
36,0.32050973352263956,0.33372850453152375,0.7940933325073936,0.8497194972905245,0.989847719669342,0.9921259880065918,0.9919137358665466,0.997245192527771,0.8524590134620667,0.6287128925323486,0.733452558517456,0.6555819511413574,0.588921308517456,0.6294416189193726,0.6753246784210205,1.0,1.0,1.0,1.0,0.8238828778266907,0.6833319664001465,0.8425432443618774,0.7706097960472107,0.7945678234100342,0.7172443866729736,0.7147343754768372
37,0.30742023271672864,0.32503874512279735,0.8016330653970892,0.8455719243396412,0.9949495196342468,0.997389018535614,0.9919137358665466,0.997245192527771,0.8074074387550354,0.6711711883544922,0.7325581312179565,0.6734693646430969,0.6302250623703003,0.6463103890419006,0.6753246784210205,1.0,1.0,1.0,0.999908447265625,0.7758596539497375,0.7037148475646973,0.8354907035827637,0.7712350487709045,0.7870807647705078,0.716528058052063,0.7114736437797546
38,0.3144882777157952,0.32511990561204795,0.7970668781887401,0.8472675301811912,0.97686368227005,0.9947644472122192,0.9945945739746094,0.997245192527771,0.845849871635437,0.6590909361839294,0.7276119589805603,0.669926643371582,0.6105918884277344,0.6158038377761841,0.6753926277160645,1.0,1.0,1.0,1.0,0.7489863634109497,0.7124810814857483,0.8391686677932739,0.778536319732666,0.7792603373527527,0.7284756302833557,0.7330344319343567
39,0.3051703204126919,0.3133952424806707,0.8111014420335944,0.8548201864415949,0.9949495196342468,0.997389018535614,0.9919137358665466,0.997245192527771,0.9045643210411072,0.6776471138000488,0.7296786308288574,0.6800000667572021,0.6095238327980042,0.651399552822113,0.6878048777580261,1.0,1.0,0.9998531341552734,0.9999696612358093,0.8435139060020447,0.7016587257385254,0.8380149006843567,0.7921293377876282,0.7925192713737488,0.715645968914032,0.7197171449661255
40,0.30391385537736554,0.31387002853786244,0.8112172863700173,0.857055273923007,0.9846938848495483,0.9947644472122192,0.9919137358665466,0.9945054650306702,0.9159663915634155,0.688524603843689,0.7481481432914734,0.6767676472663879,0.612500011920929,0.6385224461555481,0.6770833730697632,1.0,1.0,0.999823272228241,0.9999696612358093,0.8630435466766357,0.7115303874015808,0.8435315489768982,0.7792404294013977,0.7994630932807922,0.7097169756889343,0.7212890982627869
41,0.29768353788291707,0.3118276035084444,0.8087364706126127,0.8529656529426575,0.9846938848495483,0.997389018535614,0.9919137358665466,0.997245192527771,0.9008264541625977,0.6837209463119507,0.7258979678153992,0.6864197850227356,0.6111111044883728,0.6363636255264282,0.6805194616317749,1.0,1.0,0.9998815059661865,0.9999391436576843,0.8270587921142578,0.7239475250244141,0.8403925895690918,0.7776187062263489,0.7899741530418396,0.7143474221229553,0.7094623446464539
42,0.30140937777126536,0.3132345886791454,0.8132626793601296,0.8560339971022173,0.9794871211051941,0.997389018535614,0.9919137358665466,0.997245192527771,0.9008264541625977,0.6993007063865662,0.7411544919013977,0.6984924674034119,0.6392405033111572,0.6324324607849121,0.6684073209762573,1.0,1.0,1.0,0.9999696612358093,0.8514522314071655,0.737348198890686,0.8371183276176453,0.7777838110923767,0.7831341028213501,0.7046592235565186,0.7249084115028381
43,0.3018396058503319,0.3149174153804779,0.8063263893127441,0.850862822749398,0.9949495196342468,0.9841269850730896,0.9892473220825195,0.997245192527771,0.8755020499229431,0.6886792778968811,0.7337057590484619,0.6893203854560852,0.6012269854545593,0.640586793422699,0.675000011920929,1.0,1.0,0.999911367893219,1.0,0.8063676953315735,0.7386863827705383,0.8353063464164734,0.7711426615715027,0.7814545631408691,0.7122272849082947,0.714394748210907
44,0.2997443763648762,0.30951157913488503,0.8083759925582192,0.8566955869848077,0.992405116558075,0.997389018535614,0.9919137358665466,0.997245192527771,0.8861788511276245,0.68544602394104,0.7495362162590027,0.6763285398483276,0.6202531456947327,0.6253369450569153,0.670103132724762,1.0,1.0,0.9999411106109619,1.0,0.8545605540275574,0.733130156993866,0.8468735814094543,0.7818422913551331,0.7852036356925964,0.7148202657699585,0.7072798609733582
45,0.298241303247564,0.3087463238660027,0.8096100687980652,0.8620209856466814,0.9846938848495483,0.9947644472122192,0.9919137358665466,0.997245192527771,0.9121338725090027,0.7019230723381042,0.7332122921943665,0.6745843291282654,0.6112759113311768,0.6285713911056519,0.6753926277160645,1.0,1.0,1.0,1.0,0.8559926748275757,0.7506260275840759,0.8484194874763489,0.7898598909378052,0.8018520474433899,0.7194026112556458,0.7160781025886536
46,0.29004986145917105,0.3044956817346461,0.8108277808536183,0.8615723252296448,0.9949495196342468,0.9947644472122192,0.9919137358665466,0.997245192527771,0.8790322542190552,0.688524603843689,0.7419962882995605,0.7014925479888916,0.6226415038108826,0.6381909847259521,0.6683545112609863,1.0,1.0,0.9999411106109619,0.9999696612358093,0.8403013348579407,0.7519535422325134,0.8495433926582336,0.8009488582611084,0.8053565621376038,0.7143645882606506,0.7149165272712708
47,0.297124016810866,0.30341998794499564,0.8164398399266329,0.8637199781157754,0.992405116558075,0.997389018535614,0.9919137358665466,0.997245192527771,0.9008264541625977,0.7092198133468628,0.7440147399902344,0.7087379097938538,0.6352201700210571,0.6269429922103882,0.6769230961799622,1.0,1.0,1.0,1.0,0.8680237531661987,0.7535450458526611,0.8481692671775818,0.794784426689148,0.8011643290519714,0.7133859992027283,0.7218469381332397
48,0.2924327981822631,0.30360278399551616,0.8098892081867565,0.8638827529820529,0.9949495196342468,0.997389018535614,0.9892473220825195,0.997245192527771,0.8790322542190552,0.6981131434440613,0.7319777607917786,0.6865671873092651,0.6332288384437561,0.6291560530662537,0.671875,1.0,1.0,1.0,0.9999696612358093,0.8627139925956726,0.750877857208252,0.8459610342979431,0.8004065155982971,0.8179331421852112,0.7111355662345886,0.7137125134468079
49,0.3029036793638678,0.30973125731243806,0.8097206841815602,0.8588395064527338,0.989847719669342,0.9947644472122192,0.9919137358665466,0.997245192527771,0.8790322542190552,0.7114428281784058,0.7504488229751587,0.6820276379585266,0.6099706888198853,0.6318537592887878,0.6683804392814636,1.0,1.0,1.0,0.9999696612358093,0.8327355980873108,0.76205974817276,0.8471755981445312,0.7884814739227295,0.8000320792198181,0.7037020921707153,0.7130783200263977
50,0.28768371483858896,0.2972539680845597,0.8184224638071927,0.8644226464358243,0.992405116558075,0.9947644472122192,0.9919137358665466,0.997245192527771,0.9237287640571594,0.7014217972755432,0.7433962225914001,0.7041565179824829,0.6455696225166321,0.6326530575752258,0.6753926277160645,1.0,1.0,1.0,1.0,0.8816518187522888,0.7761845588684082,0.8459368944168091,0.7859828472137451,0.7944710850715637,0.7095156908035278,0.7149062156677246
51,0.2947196083910325,0.29969144568723793,0.8143658150326122,0.8687275702303107,0.9949495196342468,0.9947644472122192,0.9892473220825195,0.997245192527771,0.9008264541625977,0.6962962746620178,0.7468124032020569,0.7128713130950928,0.6269592046737671,0.6347606778144836,0.6632911562919617,1.0,1.0,1.0,0.9999696612358093,0.8975270390510559,0.7674546837806702,0.8410820364952087,0.80198734998703,0.8221598863601685,0.7123645544052124,0.7134580612182617
52,0.2893027540515451,0.30484676361083984,0.8081227324225686,0.8632775328376077,0.997481107711792,0.9947644472122192,0.9919137358665466,0.997245192527771,0.8755020499229431,0.7050359845161438,0.7423422932624817,0.6853146553039551,0.6047903895378113,0.6265664100646973,0.6683937907218933,1.0,1.0,1.0,1.0,0.8577761650085449,0.7773423194885254,0.8434665203094482,0.7848532795906067,0.8160482048988342,0.7106432914733887,0.7059230804443359
53,0.29599954713793364,0.3025160484454211,0.8125599297610197,0.8676684336228804,0.997481107711792,0.997389018535614,0.9919137358665466,0.997245192527771,0.8755020499229431,0.7124682068824768,0.7482014894485474,0.6901409029960632,0.6242424249649048,0.6302083134651184,0.6733667850494385,1.0,1.0,1.0,1.0,0.905498206615448,0.7845727801322937,0.8445301651954651,0.7878281474113464,0.8061903715133667,0.7060380578041077,0.709695041179657
54,0.29523883146398205,0.3060002291903776,0.812581018968062,0.8682124181227251,0.997481107711792,0.9947644472122192,0.9919137358665466,0.997245192527771,0.9045643210411072,0.7101827263832092,0.7491289377212524,0.6756151914596558,0.6086956858634949,0.6351706385612488,0.6736292243003845,1.0,1.0,1.0,1.0,0.896381139755249,0.7787169218063354,0.8496600985527039,0.7874405384063721,0.8074666857719421,0.7109789252281189,0.7196922898292542
55,0.293194500839009,0.3012874880257775,0.8141101923855868,0.8734211650761691,0.997481107711792,0.9947644472122192,0.9919137358665466,0.997245192527771,0.8934426307678223,0.7295918464660645,0.7553191781044006,0.6866359710693359,0.6011560559272766,0.637532114982605,0.6701298356056213,1.0,1.0,0.9998823404312134,1.0,0.9284180998802185,0.7944039106369019,0.8456635475158691,0.8067458271980286,0.8099966645240784,0.7161586880683899,0.7063637375831604
56,0.28839583344319286,0.2993020932464039,0.8110728643157266,0.8726735277609392,0.992405116558075,0.9894736409187317,0.9919137358665466,0.997245192527771,0.9045643210411072,0.7281795740127563,0.7416520118713379,0.6713286638259888,0.6089552044868469,0.6259542107582092,0.6701298356056213,1.0,1.0,0.9999706149101257,1.0,0.9087976217269897,0.7976068258285522,0.8460204601287842,0.7931436896324158,0.8301324844360352,0.7113264203071594,0.7124106884002686
57,0.28975337480797486,0.30023346841335297,0.8108500838279724,0.869875127618963,0.9949495196342468,1.0,0.9919137358665466,0.997245192527771,0.8861788511276245,0.7263681292533875,0.7324954867362976,0.6821345686912537,0.6126126050949097,0.6253229975700378,0.6701298356056213,1.0,1.0,1.0,1.0,0.9301227331161499,0.7773441672325134,0.8448207378387451,0.7934577465057373,0.805234968662262,0.7025667428970337,0.7150793075561523
58,0.2940846076783012,0.3029104777995278,0.8083901893008839,0.8714171810583635,0.9949495196342468,0.997389018535614,0.9919137358665466,0.997245192527771,0.8825911283493042,0.710875391960144,0.7442680597305298,0.6666666269302368,0.6091954112052917,0.6253229975700378,0.671875,1.0,1.0,1.0,1.0,0.8997805118560791,0.8158905506134033,0.8399303555488586,0.7992711067199707,0.8133115768432617,0.7061838507652283,0.7112210392951965
59,0.2843466515050215,0.2970586050959194,0.8099707148291848,0.8762435967271979,0.997481107711792,0.997389018535614,0.9892473220825195,0.997245192527771,0.9008264541625977,0.7116882801055908,0.7534722089767456,0.6589862108230591,0.6167664527893066,0.6181818246841431,0.6683937907218933,1.0,1.0,0.9999706149101257,1.0,0.9702976942062378,0.7975379228591919,0.8502522706985474,0.7876389622688293,0.8057734966278076,0.7114415168762207,0.7157670855522156
60,0.28701909412355986,0.30069660702172446,0.8111213608221575,0.8724509531801398,1.0,0.997389018535614,0.9892473220825195,0.997245192527771,0.8720000386238098,0.7250000238418579,0.7351351380348206,0.6883720755577087,0.6172106266021729,0.6271604299545288,0.6735751032829285,1.0,1.0,1.0,1.0,0.9323585033416748,0.7913036942481995,0.8473111391067505,0.7994198203086853,0.81143718957901,0.7085059881210327,0.7066241502761841
61,0.28934620320796967,0.29839226954123554,0.8096134500070051,0.8769381046295166,0.9820971488952637,0.9947644472122192,0.9945945739746094,0.997245192527771,0.9159663915634155,0.7124010324478149,0.7327433824539185,0.6759258508682251,0.6028985381126404,0.6199460625648499,0.6771653294563293,1.0,1.0,1.0,1.0,0.9453423619270325,0.8077645897865295,0.8487668037414551,0.7973864078521729,0.8215249180793762,0.7124842405319214,0.7130498290061951
62,0.2890099436044693,0.2957134387072395,0.812124100598422,0.8755178885026411,0.9872773289680481,0.997389018535614,0.9919137358665466,0.997245192527771,0.9356223344802856,0.7234042882919312,0.7487001419067383,0.6621315479278564,0.5892351269721985,0.6285713911056519,0.671875,1.0,1.0,0.9999706149101257,1.0,0.9405202865600586,0.8097602725028992,0.849452555179596,0.8059551119804382,0.8137999176979065,0.7048995494842529,0.7063384652137756
63,0.28398658159901113,0.2981604276334538,0.8085147846828807,0.873741475018588,0.997481107711792,0.997389018535614,0.9919137358665466,0.997245192527771,0.8825911283493042,0.7187499403953552,0.7262969613075256,0.6886792778968811,0.5982906222343445,0.6266318559646606,0.6683937907218933,1.0,1.0,0.9999411106109619,0.9999696612358093,0.9337154626846313,0.8103999495506287,0.8482589721679688,0.7938511371612549,0.8025910258293152,0.7125734090805054,0.7098554968833923
64,0.2882325324942084,0.29193417815601125,0.8192927620627664,0.8821516307917509,0.997481107711792,0.997389018535614,0.9919137358665466,0.997245192527771,0.9646017551422119,0.7272727489471436,0.7421603202819824,0.6866359710693359,0.6099706888198853,0.6291560530662537,0.6683937907218933,1.0,1.0,1.0,1.0,0.9803228974342346,0.8221538662910461,0.8503800630569458,0.7982597947120667,0.8184316158294678,0.718112587928772,0.7160071134567261
65,0.28162143686238456,0.29300018531434674,0.8128995461897417,0.877038446339694,0.997481107711792,0.9947644472122192,0.9919137358665466,0.997245192527771,0.9316239356994629,0.703125,0.7383512854576111,0.6682242751121521,0.620895504951477,0.6281406879425049,0.6701298356056213,1.0,1.0,0.999911367893219,1.0,0.9484661817550659,0.8049803376197815,0.8555294871330261,0.7975663542747498,0.8258756399154663,0.7064622640609741,0.7086312770843506
66,0.2881828537758659,0.2897961306221345,0.8202290426601063,0.880623069676486,0.997481107711792,0.997389018535614,0.9919137358665466,0.997245192527771,0.9688888788223267,0.7244095206260681,0.7513043880462646,0.6880733966827393,0.6034482717514038,0.6304909586906433,0.671875,1.0,1.0,1.0,1.0,0.9755574464797974,0.8214551210403442,0.8495990037918091,0.8055533766746521,0.8081161975860596,0.7092902660369873,0.7172823548316956
67,0.28320171640199776,0.2936864425154293,0.8143983916802839,0.8758105798201128,0.992405116558075,0.997389018535614,0.9892473220825195,0.997245192527771,0.9045643210411072,0.7379134893417358,0.7358834743499756,0.6941748261451721,0.616314172744751,0.6231155395507812,0.6701298356056213,1.0,1.0,1.0,1.0,0.9457300305366516,0.8139046430587769,0.8455314636230469,0.804955780506134,0.8117629289627075,0.7000491619110107,0.7119823694229126
68,0.2793933538829579,0.28829504987772775,0.8159096999601885,0.8808189522136342,1.0,0.997389018535614,0.9919137358665466,0.997245192527771,0.9198312163352966,0.7456789612770081,0.7285974621772766,0.6857143640518188,0.6126126050949097,0.6224490404129028,0.6735751032829285,1.0,1.0,1.0,1.0,0.9800699353218079,0.8148935437202454,0.8538656234741211,0.7995636463165283,0.8316707015037537,0.7006916999816895,0.7082533240318298
69,0.28408674019224506,0.2932259580668281,0.8105041547255083,0.8786572380499407,0.9949495196342468,1.0,0.9919137358665466,0.997245192527771,0.9396551847457886,0.7238605618476868,0.7348353862762451,0.6487696170806885,0.5909091234207153,0.6250000596046448,0.6684073209762573,1.0,1.0,1.0,1.0,0.9672577977180481,0.8235370516777039,0.8477442860603333,0.7964635491371155,0.8096449375152588,0.7083395719528198,0.7122424244880676
70,0.2772442637120976,0.2903660211492987,0.815786751833829,0.8761573433876038,0.997481107711792,0.997389018535614,0.9919137358665466,0.997245192527771,0.9396551847457886,0.698924720287323,0.7285714149475098,0.6939758658409119,0.6257668733596802,0.6291560530662537,0.6735751032829285,1.0,1.0,1.0,1.0,0.943109393119812,0.7944021821022034,0.8504146337509155,0.8002912402153015,0.8216275572776794,0.7177490592002869,0.7101367115974426
71,0.27909736598239226,0.2840772753252703,0.8208170478994196,0.8814568302848123,0.997481107711792,0.997389018535614,0.9919137358665466,0.997245192527771,0.9519650936126709,0.7455918788909912,0.7256317734718323,0.6891566514968872,0.6299694180488586,0.6256410479545593,0.6770026087760925,1.0,1.0,0.9999706149101257,1.0,0.987860381603241,0.8240284323692322,0.8429936170578003,0.8068379163742065,0.8211758732795715,0.7025545239448547,0.7106037735939026
72,0.2793206134263207,0.29222921501187715,0.8147999048233032,0.8731072003191168,1.0,0.997389018535614,0.9919137358665466,0.997245192527771,0.9198312163352966,0.7234042882919312,0.7256317734718323,0.699999988079071,0.6135693192481995,0.6237112879753113,0.670103132724762,1.0,1.0,1.0,1.0,0.901263415813446,0.8167833089828491,0.8505910634994507,0.7985095381736755,0.8152754902839661,0.7124077081680298,0.7093486785888672
73,0.27734825278029723,0.2877749353647232,0.8182037147608671,0.8779880079356107,0.997481107711792,1.0,0.9892473220825195,0.997245192527771,0.9237287640571594,0.7425742745399475,0.743682324886322,0.6713948249816895,0.6272189021110535,0.6341463327407837,0.6735218167304993,1.0,1.0,1.0,1.0,0.9358623623847961,0.8208460211753845,0.8539729714393616,0.7957884669303894,0.8296020030975342,0.7116192579269409,0.7101770043373108
74,0.27961605436661663,0.2842248888576732,0.8194564472545277,0.881037256934426,1.0,1.0,0.9919137358665466,0.997245192527771,0.947826087474823,0.7382199168205261,0.7338129281997681,0.6822429895401001,0.6176470518112183,0.6253101229667664,0.6798028945922852,1.0,1.0,1.0,1.0,0.9559507966041565,0.8181133270263672,0.8512216210365295,0.8156521916389465,0.8287120461463928,0.7106431722640991,0.7111166715621948
75,0.2825321730445413,0.2906217689023298,0.8161985982548107,0.8803459189154885,1.0,1.0,0.9892473220825195,0.997245192527771,0.9356223344802856,0.7018468976020813,0.731793999671936,0.6851851940155029,0.625,0.6373056769371033,0.6749379634857178,1.0,1.0,0.9999706149101257,1.0,0.9612156748771667,0.8044109344482422,0.8540530204772949,0.8054647445678711,0.8329032063484192,0.7092199921607971,0.7165669202804565
76,0.2849310461212607,0.29316698102390065,0.8172193548896096,0.879814700646834,1.0,1.0,0.9919137358665466,0.997245192527771,0.9561403393745422,0.7114846110343933,0.7491408586502075,0.680272102355957,0.6109510064125061,0.622107982635498,0.6701570749282837,1.0,1.0,1.0,1.0,0.9649975299835205,0.8126841187477112,0.8499207496643066,0.801913321018219,0.8252759575843811,0.7139935493469238,0.7091764807701111
77,0.2869424872538623,0.29026813279179964,0.8148675777695396,0.8816416480324485,0.9949495196342468,1.0,0.9919137358665466,0.997245192527771,0.9603524208068848,0.7008547186851501,0.7435457110404968,0.662162184715271,0.5965909361839294,0.6321243047714233,0.6838046312332153,1.0,1.0,1.0,1.0,0.9665759801864624,0.8202590346336365,0.852431058883667,0.8031037449836731,0.8206239938735962,0.7152871489524841,0.7197771668434143
78,0.2854502516634324,0.2917434389100355,0.8148079731247642,0.8815668008544228,0.997481107711792,0.997389018535614,0.9919137358665466,0.997245192527771,0.9437229633331299,0.7287670969963074,0.739054262638092,0.6742081642150879,0.5961002707481384,0.6233766674995422,0.6736292243003845,1.0,1.0,1.0,1.0,0.9629135131835938,0.8501540422439575,0.8417941927909851,0.7990654706954956,0.8168614506721497,0.7098713517189026,0.7165747880935669
79,0.27412109778207894,0.28479521590120654,0.8236449415033514,0.882196307182312,1.0,1.0,0.9919137358665466,0.997245192527771,0.9198312163352966,0.7577319741249084,0.7468581795692444,0.6923077702522278,0.63384610414505,0.6368159055709839,0.6835442781448364,1.0,1.0,1.0,1.0,0.9473285675048828,0.8406084775924683,0.8493018746376038,0.8033795356750488,0.834457516670227,0.7174350619316101,0.7116483449935913
80,0.278211335048956,0.286941936787437,0.8207814964381132,0.881512463092804,1.0,0.997389018535614,0.9892473220825195,0.997245192527771,0.9646017551422119,0.72493577003479,0.745945930480957,0.6903073191642761,0.608187198638916,0.6374695897102356,0.6732673645019531,1.0,1.0,1.0,1.0,0.9861151576042175,0.8099082708358765,0.8471356630325317,0.8029940724372864,0.8184371590614319,0.7161788940429688,0.7158678770065308
81,0.28532842678182263,0.2871847266660017,0.8209980834614147,0.8829275044527921,0.9949495196342468,1.0,0.9919137358665466,0.997245192527771,0.9561403393745422,0.7349081039428711,0.7460035085678101,0.6772008538246155,0.6279069781303406,0.6259542107582092,0.6787564754486084,1.0,1.0,1.0,1.0,0.9819204211235046,0.8426088690757751,0.8527189493179321,0.7938575148582458,0.808210015296936,0.7171741724014282,0.7157126069068909
82,0.27529864363810597,0.29052288567318635,0.8191501823338595,0.8778127377683466,1.0,1.0,0.9892473220825195,0.997245192527771,0.9159663915634155,0.7371134161949158,0.7353463768959045,0.6888361573219299,0.6322188973426819,0.6377551555633545,0.6769230961799622,1.0,1.0,1.0,1.0,0.9451246857643127,0.8242449760437012,0.8441994786262512,0.8015726804733276,0.8200334310531616,0.7123292684555054,0.708435595035553
83,0.2713154922513401,0.28313228400314555,0.8244483037428423,0.8855576461011713,1.0,1.0,0.9919137358665466,0.997245192527771,0.9356223344802856,0.7553191781044006,0.7398229837417603,0.695652186870575,0.6280487775802612,0.6450000405311584,0.6803069114685059,1.0,1.0,1.0,1.0,0.9804532527923584,0.8562262654304504,0.8501909971237183,0.8085101842880249,0.8227616548538208,0.7070873975753784,0.7159043550491333
84,0.27137990208233104,0.2863614787073696,0.8203697475520048,0.8796638196164911,0.997481107711792,1.0,0.9919137358665466,0.997245192527771,0.9237287640571594,0.7671957612037659,0.7415329813957214,0.6682242751121521,0.6283987760543823,0.6315789818763733,0.6767676472663879,1.0,1.0,1.0,1.0,0.9344670176506042,0.8456385731697083,0.8564810156822205,0.7966731190681458,0.8215086460113525,0.7120843529701233,0.709449291229248
85,0.27352870913112864,0.2846517431385377,0.8216682347384366,0.8756197365847501,0.997481107711792,1.0,0.9919137358665466,0.997245192527771,0.9396551847457886,0.7512437701225281,0.7381818294525146,0.6764706373214722,0.6289308071136475,0.6368159055709839,0.6804124116897583,1.0,1.0,1.0,1.0,0.931318461894989,0.8198170065879822,0.8489435315132141,0.7896503210067749,0.8171958327293396,0.7144609689712524,0.7104309797286987
86,0.2744510638363221,0.27967717367060047,0.8247668743133545,0.8846735304052179,1.0,1.0,0.9919137358665466,0.997245192527771,0.9603524208068848,0.7684210538864136,0.733452558517456,0.6760563254356384,0.6366366744041443,0.6331658959388733,0.6751917600631714,1.0,1.0,1.0,1.0,0.9737908840179443,0.8638289570808411,0.8470356464385986,0.7985140681266785,0.8244685530662537,0.7116674184799194,0.7121033072471619
87,0.2740801213418736,0.2814893047599232,0.8266328573226929,0.8880610086701133,0.9949495196342468,1.0,0.9919137358665466,0.997245192527771,0.9519650936126709,0.746666669845581,0.7262969613075256,0.6906474828720093,0.6565349698066711,0.6399999856948853,0.6967418193817139,1.0,1.0,1.0,1.0,0.9716367721557617,0.8557754158973694,0.8500937819480896,0.8167780637741089,0.8430806398391724,0.7128403782844543,0.71846604347229
88,0.2715940966325648,0.287120562265901,0.8175427751107649,0.8814890330488031,1.0,1.0,0.9892473220825195,0.997245192527771,0.9237287640571594,0.7374005317687988,0.7266313433647156,0.6883720755577087,0.6135693192481995,0.6363635659217834,0.6804124116897583,1.0,1.0,1.0,1.0,0.9431359171867371,0.8428347706794739,0.8507119417190552,0.8085384368896484,0.8284481763839722,0.7111403942108154,0.7115697264671326
89,0.2736479920499465,0.27883392923018513,0.8250346237962897,0.8825121413577687,0.997481107711792,1.0,0.9919137358665466,0.997245192527771,0.9437229633331299,0.7851458787918091,0.7357142567634583,0.682692289352417,0.6246246695518494,0.6318407654762268,0.6850000023841858,1.0,1.0,1.0,1.0,0.9519093036651611,0.8540841341018677,0.85323566198349,0.7956249713897705,0.8200288414955139,0.7194798588752747,0.7132707834243774
90,0.275634666576105,0.2920855380156461,0.8134586269205267,0.8793939406221564,1.0,1.0,0.9919137358665466,0.997245192527771,0.8971193432807922,0.747922420501709,0.7421603202819824,0.669724702835083,0.5849581956863403,0.6315789818763733,0.6854220032691956,1.0,1.0,0.9999706149101257,1.0,0.9270544648170471,0.8446515202522278,0.8499763011932373,0.7998471260070801,0.8219308257102966,0.7173957824707031,0.7125067114830017
91,0.2706814557313919,0.2760396801373538,0.8297024423425848,0.8873729759996588,1.0,1.0,0.9919137358665466,0.997245192527771,0.9646017551422119,0.787878692150116,0.741134762763977,0.6932084560394287,0.6322188973426819,0.6365914940834045,0.6819338798522949,1.0,1.0,1.0,1.0,0.9785957336425781,0.8751816749572754,0.8508663773536682,0.8030285835266113,0.8206371665000916,0.7191117405891418,0.7136814594268799
92,0.2674964938093634,0.2781096083276412,0.8222987651824951,0.8853195147080855,1.0,1.0,0.9919137358665466,0.997245192527771,0.9437229633331299,0.7688172459602356,0.725314199924469,0.6697674989700317,0.6290801167488098,0.6341463327407837,0.685279130935669,1.0,1.0,1.0,1.0,0.9513165354728699,0.8610776662826538,0.8499797582626343,0.8088053464889526,0.8278542757034302,0.7232733368873596,0.71620774269104
93,0.27213869725956635,0.28229060506119447,0.8224537101658908,0.8832277926531705,0.997481107711792,1.0,0.9919137358665466,0.997245192527771,0.9276595115661621,0.7777777910232544,0.739676833152771,0.6793348789215088,0.616314172744751,0.6340206265449524,0.6855669617652893,1.0,1.0,1.0,1.0,0.9706159234046936,0.8561100959777832,0.8486204147338867,0.7885798811912537,0.8204485177993774,0.7202245593070984,0.7109063267707825
94,0.2740059705341564,0.28346382695085864,0.8231256333264437,0.8822822895917025,1.0,1.0,0.9919137358665466,0.997245192527771,0.947826087474823,0.761904776096344,0.731107234954834,0.6919431090354919,0.6060605645179749,0.6443299651145935,0.6820513010025024,1.0,1.0,1.0,1.0,0.9601188898086548,0.8480773568153381,0.840840756893158,0.8083531260490417,0.8134817481040955,0.7209559082984924,0.7132773995399475
95,0.2710867454023922,0.2766616265563404,0.8270951942964033,0.8851250030777671,0.9949495196342468,1.0,0.9919137358665466,0.997245192527771,0.9603524208068848,0.7924528121948242,0.7340425848960876,0.6858513355255127,0.6358024477958679,0.6268656849861145,0.6785714030265808,1.0,1.0,1.0,1.0,0.9754432439804077,0.8552020192146301,0.8536877632141113,0.7970483899116516,0.8234975337982178,0.7160167098045349,0.7154793739318848
96,0.2638328855528551,0.2750267991248299,0.830840446732261,0.8870561989870939,1.0,1.0,0.9919137358665466,0.997245192527771,0.9276595115661621,0.7844155430793762,0.7526881098747253,0.7021792531013489,0.6539682149887085,0.6456310749053955,0.6835442781448364,1.0,1.0,1.0,1.0,0.9552129507064819,0.8604894280433655,0.8525661826133728,0.8124554753303528,0.8343399167060852,0.7155794501304626,0.7269747853279114
97,0.26737528250497933,0.277107331682654,0.8220262473279779,0.8838261365890503,1.0,1.0,0.9919137358665466,0.997245192527771,0.9396551847457886,0.7641025185585022,0.7239488363265991,0.6973366141319275,0.6097560524940491,0.6297229528427124,0.6886076331138611,1.0,1.0,1.0,1.0,0.9673507213592529,0.8576887249946594,0.838111400604248,0.8047647476196289,0.8184770345687866,0.7232038378715515,0.7124910354614258
98,0.27259385322823243,0.2775459587574005,0.8285793770443309,0.884964254769412,0.997481107711792,1.0,0.9919137358665466,0.997245192527771,0.9646017551422119,0.7802197933197021,0.7412587404251099,0.685579240322113,0.6246246695518494,0.6463103890419006,0.6851385235786438,1.0,1.0,1.0,1.0,0.9514219164848328,0.8739243745803833,0.8453329205513,0.8009013533592224,0.8135172724723816,0.7220388650894165,0.7274700999259949
99,0.275527925175779,0.28532127948368297,0.822492545301264,0.8805308287793939,1.0,0.997389018535614,0.9919137358665466,0.997245192527771,0.9276595115661621,0.77173912525177,0.748681902885437,0.686915934085846,0.6204819083213806,0.6289926171302795,0.6763990521430969,1.0,1.0,1.0,1.0,0.9035631418228149,0.8575214147567749,0.8494909405708313,0.804036021232605,0.8205301761627197,0.7180052399635315,0.7326921820640564
100,0.27178527940722075,0.2775430942282957,0.8246732408350165,0.884515951980244,0.997481107711792,1.0,0.9919137358665466,0.997245192527771,0.9646017551422119,0.7716535329818726,0.7279278635978699,0.6825775504112244,0.6238532066345215,0.6376811265945435,0.6764705777168274,1.0,1.0,1.0,1.0,0.9823318719863892,0.8344371318817139,0.8453665971755981,0.8032441139221191,0.8181686401367188,0.7198405265808105,0.7262865900993347
